0.29233194
0.31316582
0.33399970
0.35483358
0.37566746
0.39650134
0.41733522
0.43816910
0.45900298
0.47983686
0.50067074
0.52150462
0.54233850
0.56317238
0.58400626
0.60484014
0.62567402
0.64650790
0.66734178
0.68817566
0.70900954
0.72984342
0.75067730
0.77151118
0.79234506
0.81317894
0.83401282
0.85484670
0.87568058
0.89651446
0.91734834
0.93818222
0.95901610
0.97984998
1.00068386
1.02151774
1.04235162
1.06318550
1.08401938
1.10485326
1.12568714
1.14652102
1.16735490
1.18818878
1.20902266
1.22985654
1.25069042
1.27152430
1.29235818
1.31319206
1.33402594
1.35485982
1.37569370
1.39652758
1.41736146
1.43819534
1.45902922
1.47986310
1.50069698
1.52153086
1.54236474
1.56319862
1.58403250
1.60486638
1.62570026
1.64653414
1.66736802
1.68820190
1.70903578
1.72986966
1.75070354
1.77153742
1.79237130
1.81320518
1.83403906
1.85487294
1.87570682
1.89654070
1.91737458
1.93820846
1.95904234
1.97987622
2.00071010
2.02154398
2.04237786
2.06321174
2.08404562
2.10487950
2.12571338
2.14654726
2.16738114
2.18821502
2.20904890
2.22988278
2.25071666
2.27155054
2.29238442
2.31321830
2.33405218
2.35488606
2.37571994
2.39655382
2.41738770
2.43822158
2.45905546
2.47988934
2.50072322
2.52155710
2.54239098
2.56322486
2.58405874
2.60489262
2.62572650
2.64656038
2.66739426
2.68822814
2.70906202
2.72989590
2.75072978
2.77156366
2.79239754
2.81323142
2.83406530
2.85489918
2.87573306
