0.00000000
0.00000000
0.00000000
0.00000001
0.00000009
0.00000011
0.00000057
0.00000168
0.00000440
0.00001164
0.00003057
0.00006932
0.00014677
0.00033032
0.00061575
0.00115732
0.00188660
0.00353067
0.00588424
0.00937103
0.01423810
0.02099478
0.03106109
0.04535341
0.06232068
0.07914109
0.11310116
0.14970620
0.20028994
0.24286010
0.31231835
0.39459010
0.44592098
0.51480250
0.63272941
0.70508742
0.80322558
0.86541515
0.93261741
0.96844524
1.04465866
1.13483523
1.14848177
1.24614249
1.15741548
1.12439662
1.12991757
1.31744177
1.34447725
1.38638440
1.30288761
1.27463512
1.28202443
1.13240160
1.15079001
1.20975271
1.06959488
1.11893415
1.04995577
1.09863585
1.02778210
0.99507526
0.87209381
0.86253131
0.82900673
0.73240709
0.80157098
0.75617412
0.66921751
0.64651082
0.65163516
0.58361772
0.49118809
0.54151090
0.46953645
0.38688916
0.49525954
0.43416111
0.35151729
0.34498705
0.27128799
0.29826647
0.33936577
0.23087588
0.22420091
0.13291971
0.19445352
0.17790484
0.14493281
0.16481050
0.13724177
0.14945288
0.09391707
0.10533718
0.09925970
0.04637286
0.12390448
0.03917345
0.06036869
0.07234852
0.06369399
0.07631448
0.05597428
0.04597667
0.03540044
0.06056471
0.02486541
0.02551917
0.03928121
0.04030597
0.02756900
0.01414143
0.02901258
0.00000000
0.04578135
0.04695032
0.00000000
0.00000000
0.00000000
0.00000000
0.01773143
0.00000000
0.00000000
0.00000000
0.01956773
