
% frame   10000
% time 999.901
% report fiber:force
% identity      posX      posY    forceX    forceY   tension
%   fiber f1:0001
         1     1.367    -0.568     0.000     0.000    -0.016
         1     1.400    -0.663     0.005     0.019    -0.016
         1     1.433    -0.757     0.042     0.035    -0.014
         1     1.466    -0.851    -0.001     0.034     0.002
         1     1.499    -0.946     0.024    -0.012    -0.033
         1     1.532    -1.040     0.014     0.028    -0.028
         1     1.565    -1.135    -0.020     0.050     0.009
         1     1.598    -1.229     0.030     0.044     0.025
         1     1.631    -1.323     0.003     0.002     0.009
         1     1.665    -1.418    -0.015     0.027     0.023
         1     1.698    -1.512    -0.033    -0.019     0.000
%   fiber f1:0002
         2     1.536    -1.262    -0.001     0.045    -0.039
         2     1.515    -1.165    -0.059     0.014    -0.060
         2     1.494    -1.067     0.039    -0.036    -0.012
         2     1.474    -0.969     0.007    -0.000    -0.005
         2     1.453    -0.871    -0.020     0.031    -0.035
         2     1.432    -0.773    -0.009    -0.001    -0.031
         2     1.412    -0.675     0.029    -0.010    -0.010
         2     1.391    -0.578     0.050     0.013    -0.008
         2     1.370    -0.480    -0.000    -0.009     0.006
         2     1.349    -0.382    -0.017     0.028    -0.020
         2     1.329    -0.284     0.046    -0.005     0.000
%   fiber f1:0003
         3     1.367    -0.474     0.040    -0.024    -0.002
         3     1.348    -0.375     0.028    -0.056     0.027
         3     1.330    -0.277    -0.006    -0.014     0.007
         3     1.311    -0.179    -0.016    -0.033     0.005
         3     1.292    -0.081    -0.001    -0.024    -0.005
         3     1.274     0.018     0.003    -0.003    -0.034
         3     1.255     0.116     0.044    -0.006    -0.052
         3     1.236     0.214    -0.028    -0.082    -0.009
         3     1.218     0.312    -0.054    -0.071     0.018
         3     1.199     0.411     0.012     0.009    -0.021
         3     1.180     0.509     0.026    -0.050     0.000
%   fiber f1:0004
         4     1.582    -1.605     0.010    -0.006    -0.022
         4     1.639    -1.688    -0.014    -0.010    -0.034
         4     1.695    -1.770     0.036     0.005    -0.062
         4     1.752    -1.853    -0.022     0.029    -0.037
         4     1.809    -1.935    -0.019    -0.004    -0.041
         4     1.865    -2.018    -0.038     0.040     0.002
         4     1.922    -2.100     0.008     0.026     0.007
         4     1.978    -2.182    -0.048    -0.014     0.011
         4     2.035    -2.265     0.056     0.026    -0.011
         4     2.092    -2.347     0.007     0.040     0.006
         4     2.148    -2.430    -0.009    -0.000     0.000
%   fiber f1:0005
         5     0.883     1.163    -0.013     0.048     0.043
         5     0.916     1.068     0.058     0.042     0.056
         5     0.949     0.974    -0.023     0.028     0.083
         5     0.982     0.880     0.017     0.013     0.082
         5     1.015     0.786    -0.015    -0.022     0.059
         5     1.049     0.691    -0.024     0.018     0.078
         5     1.082     0.597     0.018    -0.011     0.055
         5     1.115     0.503    -0.010     0.028     0.077
         5     1.148     0.408     0.000     0.000     0.070
         5     1.182     0.314     0.068    -0.026     0.016
         5     1.215     0.220     0.033     0.002     0.000
%   fiber f1:0006
         6     1.349    -0.370    -0.008     0.026    -0.011
         6     1.325    -0.273    -0.006    -0.022     0.026
         6     1.300    -0.176    -0.009     0.030     0.011
         6     1.276    -0.079    -0.018     0.023     0.000
         6     1.252     0.018    -0.046     0.004     0.002
         6     1.228     0.115     0.026     0.027    -0.003
         6     1.204     0.212     0.014     0.004     0.013
         6     1.180     0.309     0.037     0.011     0.027
         6     1.155     0.406     0.023     0.027     0.023
         6     1.131     0.503    -0.045     0.045    -0.016
         6     1.107     0.600     0.000     0.000     0.000
%   fiber f1:0007
         7     1.491    -1.138     0.014     0.005     0.006
         7     1.470    -1.040     0.002     0.067    -0.051
         7     1.448    -0.942    -0.012    -0.015    -0.031
         7     1.426    -0.845    -0.033    -0.002    -0.029
         7     1.405    -0.747     0.015    -0.013    -0.005
         7     1.383    -0.649    -0.008     0.056    -0.055
         7     1.362    -0.552     0.006    -0.003    -0.042
         7     1.340    -0.454     0.036    -0.019    -0.008
         7     1.318    -0.357    -0.019     0.032    -0.035
         7     1.297    -0.259     0.007    -0.021    -0.005
         7     1.275    -0.161     0.018     0.007     0.000
%   fiber f1:0008
         8     1.199    -0.144     0.006    -0.002     0.005
         8     1.191    -0.045     0.008     0.005     0.002
         8     1.183     0.055     0.013     0.006    -0.001
         8     1.175     0.155     0.003    -0.026     0.027
         8     1.167     0.254     0.006     0.020     0.010
         8     1.159     0.354     0.045    -0.016     0.032
         8     1.151     0.454    -0.029    -0.027     0.058
         8     1.143     0.554    -0.014     0.024     0.035
         8     1.135     0.653    -0.059     0.017     0.016
         8     1.127     0.753    -0.005     0.019    -0.002
         8     1.119     0.853     0.000     0.000     0.000
%   fiber f1:0009
         9     0.610     2.029     0.000     0.000    -0.001
         9     0.663     1.944     0.007    -0.040    -0.040
         9     0.715     1.858    -0.013     0.020    -0.018
         9     0.768     1.773     0.020     0.023    -0.011
         9     0.820     1.688    -0.018    -0.025    -0.024
         9     0.873     1.603    -0.016     0.048     0.024
         9     0.925     1.518    -0.008    -0.018     0.012
         9     0.978     1.433     0.002    -0.006     0.004
         9     1.030     1.348     0.000     0.000     0.003
         9     1.083     1.263     0.000     0.000     0.001
         9     1.135     1.178     0.000     0.000     0.000
%   fiber f1:0010
        10     1.320    -0.035    -0.001    -0.001     0.024
        10     1.293     0.061    -0.053    -0.026     0.057
        10     1.265     0.157    -0.008     0.052     0.028
        10     1.238     0.253    -0.004     0.000     0.049
        10     1.210     0.349    -0.023     0.002     0.064
        10     1.183     0.445    -0.033     0.023     0.055
        10     1.155     0.541     0.036    -0.002     0.090
        10     1.128     0.638    -0.037     0.032     0.073
        10     1.100     0.734    -0.019     0.039     0.053
        10     1.073     0.830    -0.007     0.072     0.005
        10     1.045     0.926     0.025     0.036     0.000
%   fiber f1:0011
        11     1.189     0.511    -0.008    -0.041     0.034
        11     1.154     0.605     0.002     0.019     0.014
        11     1.119     0.699     0.045    -0.097     0.119
        11     1.084     0.792     0.051     0.032     0.105
        11     1.049     0.886     0.029    -0.015     0.126
        11     1.014     0.980     0.010     0.021     0.108
        11     0.979     1.073    -0.048     0.057     0.036
        11     0.945     1.167    -0.011     0.013     0.018
        11     0.910     1.261    -0.015    -0.005     0.016
        11     0.875     1.355     0.006     0.009     0.007
        11     0.840     1.448    -0.007     0.002     0.000
%   fiber f1:0012
        12     1.188    -0.115    -0.005    -0.009    -0.019
        12     1.214    -0.212    -0.025    -0.014    -0.038
        12     1.240    -0.308    -0.063     0.033    -0.002
        12     1.266    -0.405     0.058     0.029    -0.002
        12     1.292    -0.502    -0.000     0.023     0.008
        12     1.318    -0.598    -0.016     0.046     0.044
        12     1.344    -0.695     0.041     0.014     0.035
        12     1.370    -0.791     0.041     0.032     0.043
        12     1.396    -0.888     0.021    -0.006     0.019
        12     1.421    -0.985     0.020     0.006     0.008
        12     1.447    -1.081     0.049     0.018     0.000
%   fiber f1:0013
        13     1.225     0.221    -0.014    -0.003     0.004
        13     1.233     0.121     0.019    -0.004     0.005
        13     1.241     0.021     0.026    -0.003     0.005
        13     1.248    -0.078     0.030     0.040     0.048
        13     1.256    -0.178    -0.036    -0.034     0.023
        13     1.264    -0.278    -0.009     0.032     0.062
        13     1.271    -0.378     0.006    -0.059     0.008
        13     1.279    -0.477    -0.036    -0.017    -0.000
        13     1.286    -0.577     0.032     0.018     0.021
        13     1.294    -0.677     0.038    -0.025    -0.001
        13     1.302    -0.776     0.006    -0.004     0.000
%   fiber f1:0014
        14     1.950    -2.233     0.014    -0.003     0.008
        14     1.909    -2.141    -0.037     0.016    -0.022
        14     1.869    -2.050     0.025    -0.017     0.003
        14     1.829    -1.958    -0.012     0.005    -0.007
        14     1.788    -1.867     0.016     0.018    -0.017
        14     1.748    -1.775     0.041     0.063    -0.059
        14     1.707    -1.684     0.058     0.027    -0.060
        14     1.667    -1.592     0.034     0.011    -0.057
        14     1.627    -1.501     0.026    -0.010    -0.038
        14     1.586    -1.409    -0.017    -0.021    -0.026
        14     1.546    -1.318     0.024    -0.019     0.000
%   fiber f1:0015
        15     1.276     0.169    -0.027     0.018     0.011
        15     1.286     0.069    -0.005     0.011     0.012
        15     1.296    -0.030    -0.025    -0.010    -0.006
        15     1.305    -0.130     0.025     0.015    -0.003
        15     1.315    -0.229     0.013    -0.017    -0.031
        15     1.324    -0.329     0.042     0.005    -0.041
        15     1.334    -0.428    -0.018     0.011    -0.038
        15     1.343    -0.528     0.050     0.050    -0.004
        15     1.353    -0.627    -0.013    -0.003    -0.015
        15     1.362    -0.727    -0.024     0.046     0.023
        15     1.372    -0.826     0.012    -0.011     0.000
%   fiber f1:0016
        16     1.144     0.170     0.025     0.020    -0.007
        16     1.127     0.268     0.017     0.014    -0.009
        16     1.110     0.367    -0.002     0.003    -0.003
        16     1.092     0.465     0.006    -0.005     0.011
        16     1.075     0.564    -0.022    -0.000     0.016
        16     1.057     0.662     0.038     0.009     0.023
        16     1.040     0.761     0.038     0.025     0.014
        16     1.023     0.859     0.017     0.006     0.020
        16     1.005     0.958    -0.021    -0.013     0.037
        16     0.988     1.056    -0.008     0.065    -0.019
        16     0.971     1.155     0.021    -0.007     0.000
%   fiber f1:0017
        17     1.661    -1.502     0.000     0.000     0.008
        17     1.632    -1.406     0.000     0.000     0.016
        17     1.603    -1.310     0.000     0.000     0.025
        17     1.574    -1.215    -0.004    -0.008     0.039
        17     1.545    -1.119    -0.067     0.043    -0.013
        17     1.516    -1.023    -0.029    -0.012    -0.002
        17     1.487    -0.928    -0.013     0.042    -0.038
        17     1.458    -0.832     0.023     0.054    -0.075
        17     1.429    -0.736     0.108    -0.010    -0.025
        17     1.400    -0.641     0.029    -0.010     0.001
        17     1.371    -0.545     0.028     0.018     0.000
%   fiber f1:0018
        18     1.213     0.218    -0.028    -0.041     0.008
        18     1.184     0.314    -0.027     0.021    -0.043
        18     1.154     0.409     0.002    -0.018    -0.048
        18     1.125     0.505    -0.022    -0.014    -0.064
        18     1.095     0.600    -0.096    -0.091    -0.028
        18     1.066     0.696     0.081    -0.100     0.069
        18     1.037     0.792     0.009     0.002     0.047
        18     1.007     0.887     0.009    -0.008     0.035
        18     0.978     0.983     0.007    -0.026     0.040
        18     0.948     1.078    -0.031    -0.008     0.016
        18     0.919     1.174    -0.007    -0.009     0.000
%   fiber f1:0019
        19     0.754     1.712     0.001     0.017    -0.019
        19     0.721     1.806     0.021    -0.021     0.005
        19     0.688     1.900    -0.034    -0.004    -0.007
        19     0.656     1.995     0.018    -0.019     0.014
        19     0.623     2.089    -0.044     0.015    -0.017
        19     0.590     2.184    -0.002    -0.018    -0.004
        19     0.557     2.278    -0.105    -0.081     0.035
        19     0.524     2.373    -0.020    -0.003     0.028
        19     0.492     2.467    -0.001     0.000     0.024
        19     0.459     2.562    -0.020     0.017    -0.002
        19     0.426     2.656     0.023     0.002     0.000
%   fiber f1:0020
        20     2.245    -2.589     0.000     0.000    -0.010
        20     2.197    -2.501    -0.004    -0.005    -0.017
        20     2.150    -2.413    -0.009    -0.026    -0.008
        20     2.102    -2.325    -0.009     0.013    -0.033
        20     2.054    -2.237     0.047     0.014    -0.033
        20     2.007    -2.149     0.063    -0.020     0.005
        20     1.959    -2.061    -0.033    -0.091     0.059
        20     1.911    -1.974    -0.009     0.003     0.043
        20     1.864    -1.886     0.004    -0.001     0.036
        20     1.816    -1.798    -0.023    -0.008     0.022
        20     1.768    -1.710    -0.027     0.000     0.000
%   fiber f1:0021
        21     1.688    -1.570     0.017     0.002     0.014
        21     1.738    -1.657     0.022    -0.052    -0.022
        21     1.788    -1.743     0.051    -0.023    -0.047
        21     1.838    -1.830     0.009     0.005    -0.027
        21     1.888    -1.916    -0.000     0.010     0.002
        21     1.939    -2.003     0.009    -0.047    -0.023
        21     1.989    -2.090     0.025    -0.035    -0.045
        21     2.039    -2.176     0.007     0.001    -0.028
        21     2.089    -2.263     0.052    -0.033    -0.062
        21     2.139    -2.349     0.025     0.025    -0.032
        21     2.189    -2.436    -0.006     0.010     0.000
%   fiber f1:0022
        22     0.591     2.204    -0.025     0.007    -0.020
        22     0.550     2.296     0.002    -0.057     0.029
        22     0.509     2.387    -0.023     0.018    -0.001
        22     0.468     2.478    -0.049     0.005    -0.029
        22     0.427     2.569     0.000     0.000    -0.033
        22     0.386     2.660     0.019    -0.018    -0.011
        22     0.345     2.751     0.003    -0.023     0.007
        22     0.304     2.843     0.018     0.025    -0.012
        22     0.263     2.934     0.021    -0.015     0.007
        22     0.222     3.025     0.000     0.000     0.004
        22     0.180     3.116     0.000     0.000     0.000
%   fiber f1:0023
        23     1.791    -1.829     0.001     0.028    -0.019
        23     1.757    -1.735    -0.023     0.058    -0.075
        23     1.723    -1.641     0.000     0.000    -0.068
        23     1.690    -1.546     0.000     0.000    -0.061
        23     1.656    -1.452     0.000     0.000    -0.054
        23     1.623    -1.358     0.000     0.000    -0.047
        23     1.589    -1.264    -0.033     0.010    -0.061
        23     1.556    -1.169     0.020    -0.011    -0.037
        23     1.522    -1.075    -0.041    -0.006    -0.038
        23     1.489    -0.981    -0.005    -0.006    -0.027
        23     1.455    -0.887     0.034    -0.009     0.000
%   fiber f1:0024
        24     0.270     2.953     0.000     0.000     0.004
        24     0.309     2.861     0.027     0.003     0.001
        24     0.349     2.770    -0.007     0.011     0.018
        24     0.389     2.678    -0.003    -0.029    -0.003
        24     0.428     2.586    -0.033    -0.012     0.003
        24     0.468     2.494    -0.020    -0.071    -0.050
        24     0.507     2.402    -0.022    -0.033    -0.067
        24     0.547     2.311     0.059    -0.006    -0.092
        24     0.587     2.219     0.020     0.095    -0.008
        24     0.626     2.127    -0.020    -0.017    -0.012
        24     0.666     2.035     0.006     0.010     0.000
%   fiber f1:0025
        25     0.707     1.997     0.000    -0.011    -0.009
        25     0.736     1.901     0.008     0.020     0.009
        25     0.765     1.805    -0.033    -0.012     0.009
        25     0.794     1.709    -0.021    -0.022    -0.004
        25     0.823     1.614    -0.037    -0.028    -0.019
        25     0.852     1.518    -0.033     0.014     0.006
        25     0.881     1.422    -0.073    -0.028     0.001
        25     0.910     1.327    -0.049     0.002     0.019
        25     0.939     1.231     0.007    -0.006     0.013
        25     0.968     1.135     0.019    -0.002     0.006
        25     0.997     1.040     0.004    -0.007     0.000
%   fiber f1:0026
        26     2.443    -2.802     0.000     0.000    -0.011
        26     2.374    -2.730     0.000     0.000    -0.023
        26     2.304    -2.658     0.000     0.000    -0.034
        26     2.235    -2.586     0.000     0.000    -0.046
        26     2.166    -2.514    -0.007     0.021    -0.077
        26     2.097    -2.442     0.062     0.010    -0.052
        26     2.027    -2.370     0.023     0.002    -0.049
        26     1.958    -2.298     0.068     0.022    -0.029
        26     1.889    -2.225     0.109     0.027     0.015
        26     1.819    -2.153     0.056     0.042     0.011
        26     1.750    -2.081     0.000     0.000     0.000
%   fiber f1:0027
        27     1.239    -0.204    -0.033     0.013    -0.019
        27     1.229    -0.104    -0.067    -0.030     0.002
        27     1.219    -0.005    -0.007    -0.053     0.051
        27     1.209     0.095    -0.018    -0.011     0.057
        27     1.199     0.194    -0.034     0.015     0.037
        27     1.189     0.294    -0.040    -0.014     0.044
        27     1.179     0.393    -0.027     0.012     0.027
        27     1.169     0.493    -0.024    -0.029     0.051
        27     1.159     0.592    -0.047     0.033     0.011
        27     1.149     0.692    -0.044    -0.032     0.036
        27     1.139     0.791    -0.009     0.032     0.000
%   fiber f1:0028
        28     1.213     0.224    -0.014    -0.002    -0.007
        28     1.226     0.125    -0.001    -0.006    -0.020
        28     1.239     0.026     0.018     0.005    -0.024
        28     1.253    -0.073    -0.003    -0.005    -0.035
        28     1.266    -0.173    -0.016     0.003    -0.037
        28     1.279    -0.272    -0.027    -0.001    -0.041
        28     1.292    -0.371    -0.003     0.003    -0.045
        28     1.305    -0.470    -0.011    -0.000    -0.051
        28     1.318    -0.569    -0.052     0.011    -0.040
        28     1.331    -0.668    -0.023     0.059     0.015
        28     1.344    -0.767     0.025    -0.004     0.000
%   fiber f1:0029
        29     1.259     0.204     0.000     0.000    -0.009
        29     1.225     0.298    -0.008     0.013    -0.033
        29     1.191     0.392     0.018    -0.042     0.004
        29     1.157     0.486     0.007     0.006    -0.009
        29     1.123     0.580     0.016    -0.029     0.015
        29     1.090     0.674     0.033     0.000     0.017
        29     1.056     0.769     0.006    -0.011     0.020
        29     1.022     0.863    -0.018    -0.021     0.025
        29     0.988     0.957    -0.004    -0.002     0.017
        29     0.954     1.051    -0.004    -0.002     0.009
        29     0.920     1.145     0.000     0.000     0.000
%   fiber f1:0030
        30     1.346    -0.280     0.005     0.016    -0.003
        30     1.364    -0.378     0.017    -0.005    -0.029
        30     1.382    -0.476     0.019     0.006    -0.044
        30     1.400    -0.575     0.027     0.036    -0.032
        30     1.418    -0.673     0.007     0.026    -0.025
        30     1.436    -0.771    -0.017     0.010    -0.030
        30     1.454    -0.870     0.034     0.037    -0.018
        30     1.472    -0.968     0.024    -0.001    -0.042
        30     1.490    -1.066     0.015     0.088     0.025
        30     1.508    -1.165    -0.035     0.002     0.015
        30     1.526    -1.263     0.010     0.004     0.000
%   fiber f1:0031
        31     1.497    -1.045     0.025     0.018    -0.002
        31     1.537    -1.137     0.017    -0.032    -0.047
        31     1.577    -1.229    -0.030    -0.014    -0.057
        31     1.617    -1.320    -0.014    -0.010    -0.069
        31     1.657    -1.412    -0.039     0.021    -0.043
        31     1.698    -1.503    -0.031     0.026    -0.016
        31     1.738    -1.595     0.000     0.000    -0.024
        31     1.778    -1.686     0.022    -0.010    -0.051
        31     1.818    -1.778     0.002     0.050    -0.014
        31     1.858    -1.870    -0.021     0.020     0.004
        31     1.898    -1.961    -0.001     0.005     0.000
%   fiber f1:0032
        32     1.503    -1.414     0.014     0.002    -0.003
        32     1.484    -1.316     0.004     0.020    -0.025
        32     1.465    -1.218     0.003    -0.021    -0.008
        32     1.446    -1.119     0.011     0.027    -0.035
        32     1.427    -1.021    -0.022    -0.022    -0.020
        32     1.408    -0.923     0.010     0.014    -0.036
        32     1.389    -0.825    -0.003    -0.046     0.005
        32     1.370    -0.727    -0.027    -0.007     0.003
        32     1.351    -0.628    -0.002     0.010    -0.010
        32     1.332    -0.530     0.016    -0.011     0.001
        32     1.313    -0.432     0.010    -0.000     0.000
%   fiber f1:0033
        33     0.617     1.940     0.020    -0.002     0.015
        33     0.583     2.034    -0.004     0.024    -0.003
        33     0.549     2.128     0.014     0.035    -0.026
        33     0.514     2.222    -0.069     0.031    -0.073
        33     0.480     2.316     0.040    -0.006    -0.048
        33     0.446     2.410     0.051     0.024    -0.047
        33     0.412     2.504    -0.019    -0.037    -0.012
        33     0.378     2.598    -0.008     0.003    -0.012
        33     0.344     2.692    -0.016     0.014    -0.024
        33     0.309     2.786    -0.023    -0.021    -0.006
        33     0.275     2.880    -0.049    -0.019     0.000
%   fiber f1:0034
        34     0.499     2.412    -0.000     0.002    -0.004
        34     0.531     2.317     0.009    -0.029    -0.040
        34     0.563     2.222    -0.043     0.010    -0.022
        34     0.595     2.127     0.012     0.074     0.038
        34     0.626     2.032     0.017     0.003     0.030
        34     0.658     1.938     0.007     0.016     0.037
        34     0.690     1.843     0.003    -0.004     0.027
        34     0.722     1.748     0.038     0.046     0.052
        34     0.754     1.653     0.028    -0.027     0.011
        34     0.785     1.558     0.000     0.000     0.006
        34     0.817     1.463     0.000     0.000     0.000
%   fiber f1:0035
        35     0.006     2.930     0.000     0.000    -0.004
        35     0.080     2.863     0.000     0.000    -0.008
        35     0.153     2.795     0.000     0.000    -0.012
        35     0.227     2.728     0.000     0.000    -0.016
        35     0.301     2.661     0.006     0.041     0.003
        35     0.375     2.593     0.000     0.003     0.001
        35     0.449     2.526     0.000     0.008     0.002
        35     0.523     2.458    -0.013     0.006     0.012
        35     0.597     2.391     0.000     0.000     0.008
        35     0.671     2.324     0.000     0.000     0.004
        35     0.744     2.256     0.000     0.000     0.000
%   fiber f1:0036
        36     1.510    -1.179     0.000     0.000    -0.014
        36     1.482    -1.083    -0.065    -0.017    -0.030
        36     1.453    -0.987     0.035    -0.011    -0.023
        36     1.425    -0.891     0.027    -0.008    -0.023
        36     1.396    -0.795     0.019     0.010    -0.041
        36     1.368    -0.699     0.087     0.007    -0.037
        36     1.340    -0.603    -0.075    -0.062    -0.013
        36     1.311    -0.507     0.006    -0.088     0.058
        36     1.283    -0.412     0.003     0.015     0.031
        36     1.255    -0.316    -0.009    -0.002     0.016
        36     1.226    -0.220    -0.021    -0.004     0.000
%   fiber f1:0037
        37     0.427     2.433    -0.023     0.048     0.043
        37     0.469     2.342    -0.039    -0.011     0.038
        37     0.510     2.251     0.005     0.019     0.043
        37     0.552     2.160     0.020     0.032     0.054
        37     0.593     2.069    -0.008     0.014     0.060
        37     0.635     1.978    -0.011    -0.003     0.052
        37     0.677     1.887     0.002     0.009     0.050
        37     0.718     1.796    -0.023    -0.008     0.042
        37     0.760     1.705    -0.000    -0.015     0.018
        37     0.802     1.614     0.004     0.022     0.026
        37     0.843     1.523     0.016    -0.011     0.000
%   fiber f1:0038
        38     1.689    -1.608     0.040    -0.041    -0.023
        38     1.732    -1.698     0.009    -0.019    -0.013
        38     1.775    -1.788     0.011    -0.029    -0.012
        38     1.818    -1.878     0.090     0.012    -0.009
        38     1.862    -1.968     0.014    -0.009     0.007
        38     1.905    -2.059     0.005    -0.004     0.033
        38     1.948    -2.149    -0.018    -0.044     0.033
        38     1.991    -2.239     0.016    -0.088    -0.022
        38     2.034    -2.329    -0.011    -0.056    -0.036
        38     2.077    -2.419    -0.002    -0.007    -0.011
        38     2.121    -2.510     0.009    -0.019     0.000
%   fiber f1:0039
        39     1.319    -0.207    -0.006     0.015     0.006
        39     1.342    -0.304    -0.002    -0.010    -0.015
        39     1.366    -0.401     0.029     0.010    -0.023
        39     1.389    -0.499    -0.022     0.022    -0.007
        39     1.412    -0.596    -0.007     0.021     0.004
        39     1.435    -0.693    -0.033     0.002     0.003
        39     1.459    -0.790    -0.011     0.021     0.015
        39     1.482    -0.888    -0.028    -0.018    -0.006
        39     1.505    -0.985    -0.013    -0.011    -0.024
        39     1.528    -1.082     0.022     0.042     0.001
        39     1.552    -1.180     0.011     0.012     0.000
%   fiber f1:0040
        40     1.293    -0.484    -0.024     0.013    -0.009
        40     1.277    -0.385    -0.004    -0.012     0.009
        40     1.261    -0.286    -0.019    -0.024     0.037
        40     1.245    -0.188    -0.022    -0.025     0.066
        40     1.229    -0.089    -0.010     0.037     0.036
        40     1.213     0.010    -0.046    -0.022     0.057
        40     1.197     0.108     0.000     0.000     0.065
        40     1.181     0.207     0.000     0.048     0.025
        40     1.165     0.306    -0.028     0.026     0.003
        40     1.149     0.405     0.003     0.020    -0.009
        40     1.133     0.503     0.003    -0.001     0.000
%   fiber f1:0041
        41     1.077     0.810    -0.009     0.035    -0.050
        41     1.038     0.902    -0.021    -0.038    -0.036
        41     1.000     0.995     0.022    -0.027    -0.016
        41     0.961     1.087    -0.019    -0.027    -0.011
        41     0.923     1.179    -0.003     0.010    -0.035
        41     0.884     1.272     0.044    -0.030    -0.004
        41     0.845     1.364    -0.000    -0.031     0.011
        41     0.807     1.456     0.012     0.009    -0.006
        41     0.768     1.548     0.037    -0.023     0.016
        41     0.730     1.641     0.009    -0.005     0.010
        41     0.691     1.733     0.002    -0.002     0.000
%   fiber f1:0042
        42     0.726     1.669    -0.005     0.020     0.016
        42     0.764     1.577     0.023     0.008     0.011
        42     0.802     1.484    -0.013    -0.002     0.010
        42     0.839     1.391    -0.088     0.036     0.073
        42     0.877     1.299    -0.016     0.014     0.088
        42     0.914     1.206     0.004     0.013     0.095
        42     0.952     1.113    -0.021    -0.006     0.093
        42     0.990     1.021    -0.002    -0.002     0.088
        42     1.027     0.928    -0.004    -0.028     0.060
        42     1.065     0.835     0.004    -0.023     0.033
        42     1.102     0.743    -0.041    -0.049     0.000
%   fiber f1:0043
        43     0.942     1.469    -0.005     0.001    -0.001
        43     0.902     1.561    -0.032     0.001    -0.012
        43     0.862     1.652     0.008    -0.008     0.001
        43     0.822     1.744    -0.036     0.005    -0.015
        43     0.782     1.836    -0.026    -0.018    -0.007
        43     0.742     1.927    -0.005    -0.021     0.013
        43     0.702     2.019    -0.014     0.004     0.006
        43     0.662     2.111     0.038     0.029    -0.003
        43     0.622     2.202     0.026    -0.014     0.023
        43     0.582     2.294     0.008    -0.013     0.041
        43     0.542     2.386    -0.016     0.040     0.000
%   fiber f1:0044
        44     1.333    -0.455    -0.023    -0.056    -0.028
        44     1.353    -0.553     0.040    -0.015    -0.028
        44     1.373    -0.651    -0.010    -0.019    -0.022
        44     1.392    -0.749    -0.064    -0.025    -0.011
        44     1.412    -0.847     0.064     0.011     0.010
        44     1.432    -0.945     0.022    -0.035    -0.006
        44     1.452    -1.043    -0.060    -0.087    -0.056
        44     1.472    -1.141     0.019    -0.009    -0.047
        44     1.492    -1.239    -0.031    -0.026    -0.044
        44     1.512    -1.337     0.008     0.000    -0.022
        44     1.531    -1.435     0.001     0.000     0.000
%   fiber f1:0045
        45     0.793     1.383     0.028     0.067     0.049
        45     0.839     1.294     0.081    -0.023    -0.006
        45     0.884     1.205    -0.004     0.011     0.007
        45     0.930     1.116    -0.005    -0.016    -0.003
        45     0.975     1.027     0.012    -0.006    -0.012
        45     1.021     0.938    -0.039    -0.050    -0.037
        45     1.066     0.849    -0.004     0.032    -0.004
        45     1.112     0.759    -0.024     0.018     0.025
        45     1.158     0.670    -0.050    -0.058    -0.001
        45     1.203     0.581    -0.006    -0.006    -0.002
        45     1.249     0.492     0.000     0.000     0.000
%   fiber f1:0046
        46     1.251    -0.230     0.045    -0.012    -0.024
        46     1.270    -0.328     0.030     0.009    -0.024
        46     1.288    -0.426    -0.019     0.034     0.009
        46     1.307    -0.524     0.037    -0.016    -0.017
        46     1.326    -0.623     0.011     0.026     0.002
        46     1.345    -0.721    -0.043    -0.002     0.005
        46     1.364    -0.819    -0.016     0.002     0.006
        46     1.383    -0.917    -0.018    -0.023    -0.016
        46     1.402    -1.015     0.022     0.033     0.009
        46     1.421    -1.113     0.051     0.022     0.017
        46     1.440    -1.212     0.021    -0.010     0.000
%   fiber f1:0047
        47     1.847    -1.943     0.010    -0.023    -0.028
        47     1.902    -2.026     0.049     0.006    -0.054
        47     1.957    -2.110     0.012    -0.007    -0.069
        47     2.012    -2.193     0.001     0.022    -0.054
        47     2.068    -2.276    -0.110     0.032     0.030
        47     2.123    -2.360    -0.066    -0.029     0.039
        47     2.178    -2.443     0.005    -0.018     0.018
        47     2.233    -2.526    -0.029    -0.026     0.010
        47     2.288    -2.610     0.007     0.004     0.006
        47     2.344    -2.693     0.000     0.000     0.003
        47     2.399    -2.776     0.000     0.000     0.000
%   fiber f1:0048
        48     1.556    -1.418     0.014    -0.018    -0.017
        48     1.602    -1.507     0.030    -0.022    -0.046
        48     1.649    -1.596    -0.011    -0.018    -0.051
        48     1.695    -1.684     0.022    -0.003    -0.059
        48     1.741    -1.773    -0.024     0.023    -0.022
        48     1.788    -1.861     0.007     0.003    -0.018
        48     1.834    -1.950    -0.016     0.004    -0.002
        48     1.880    -2.039    -0.008    -0.008    -0.000
        48     1.927    -2.127    -0.047     0.002     0.029
        48     1.973    -2.216    -0.010    -0.032     0.011
        48     2.019    -2.304     0.004    -0.016     0.000
%   fiber f1:0049
        49     0.672     3.052     0.000     0.000    -0.004
        49     0.657     2.953     0.000     0.000    -0.008
        49     0.642     2.854     0.000     0.000    -0.012
        49     0.627     2.755     0.000     0.000    -0.016
        49     0.612     2.656     0.000     0.000    -0.019
        49     0.597     2.557     0.000     0.000    -0.023
        49     0.582     2.459     0.000     0.000    -0.027
        49     0.567     2.360     0.011     0.021    -0.009
        49     0.553     2.261     0.031    -0.008    -0.016
        49     0.538     2.162    -0.033     0.023    -0.002
        49     0.523     2.063    -0.017     0.008     0.000
%   fiber f1:0050
        50     1.050     0.786    -0.012     0.000    -0.004
        50     1.067     0.688     0.024     0.039     0.025
        50     1.084     0.589     0.033     0.017     0.030
        50     1.101     0.491     0.024    -0.001     0.019
        50     1.118     0.392    -0.010     0.014     0.029
        50     1.134     0.293    -0.009     0.007     0.031
        50     1.151     0.195     0.014    -0.001     0.022
        50     1.168     0.096     0.013     0.008     0.022
        50     1.185    -0.002     0.013    -0.002     0.012
        50     1.202    -0.101     0.003     0.000     0.006
        50     1.218    -0.199     0.000     0.000     0.000
%   fiber f1:0051
        51     1.831    -2.090     0.000     0.000    -0.016
        51     1.905    -2.158    -0.016     0.007    -0.016
        51     1.978    -2.226    -0.022     0.025     0.001
        51     2.051    -2.294     0.000     0.018    -0.003
        51     2.124    -2.362    -0.034     0.040     0.033
        51     2.198    -2.430    -0.011     0.005     0.028
        51     2.271    -2.498    -0.040     0.042     0.069
        51     2.344    -2.566    -0.003    -0.009     0.049
        51     2.417    -2.634     0.000     0.000     0.033
        51     2.491    -2.702     0.000     0.000     0.016
        51     2.564    -2.770     0.000     0.000     0.000
%   fiber f1:0052
        52     0.435     2.378    -0.009    -0.009    -0.014
        52     0.474     2.286     0.020     0.023    -0.010
        52     0.513     2.194     0.027    -0.016    -0.045
        52     0.552     2.102     0.027     0.057    -0.012
        52     0.591     2.010     0.003     0.004    -0.019
        52     0.630     1.918    -0.023     0.007    -0.013
        52     0.669     1.826    -0.025     0.059     0.042
        52     0.708     1.734     0.057     0.005     0.015
        52     0.747     1.642     0.009     0.023     0.024
        52     0.786     1.550     0.009    -0.002     0.009
        52     0.826     1.458     0.000     0.000     0.000
%   fiber f1:0053
        53     1.133     0.824     0.029    -0.035     0.018
        53     1.094     0.916    -0.024    -0.046     0.027
        53     1.055     1.008    -0.031     0.007    -0.016
        53     1.017     1.101     0.091    -0.049     0.040
        53     0.978     1.193    -0.005     0.012     0.002
        53     0.939     1.285     0.013    -0.037     0.016
        53     0.900     1.377     0.009     0.010    -0.015
        53     0.861     1.469     0.027     0.001    -0.030
        53     0.822     1.561     0.059    -0.036     0.001
        53     0.783     1.653     0.025    -0.027     0.011
        53     0.745     1.746     0.025    -0.004     0.000
%   fiber f1:0054
        54     0.907     1.416     0.000     0.000     0.017
        54     0.933     1.319     0.010    -0.003     0.029
        54     0.959     1.223     0.003    -0.016     0.030
        54     0.984     1.126     0.018    -0.025     0.018
        54     1.010     1.030    -0.030    -0.016     0.027
        54     1.036     0.933     0.108    -0.037    -0.019
        54     1.062     0.836    -0.020    -0.041    -0.036
        54     1.087     0.740     0.011    -0.045    -0.065
        54     1.113     0.643    -0.044    -0.012    -0.048
        54     1.139     0.546    -0.005     0.013    -0.017
        54     1.165     0.450     0.000     0.000     0.000
%   fiber f1:0055
        55     1.472    -1.096    -0.003     0.021    -0.018
        55     1.450    -0.999    -0.046    -0.017    -0.009
        55     1.427    -0.901     0.036     0.015    -0.012
        55     1.405    -0.804     0.002    -0.017     0.007
        55     1.382    -0.707     0.011    -0.000     0.013
        55     1.359    -0.609    -0.040    -0.019     0.025
        55     1.337    -0.512    -0.016     0.015     0.010
        55     1.314    -0.414    -0.003     0.022    -0.009
        55     1.292    -0.317     0.005     0.001    -0.006
        55     1.269    -0.219     0.051     0.007     0.002
        55     1.246    -0.122     0.017     0.009     0.000
%   fiber f1:0056
        56     0.950     1.388    -0.003     0.005    -0.012
        56     0.899     1.475    -0.016     0.002    -0.028
        56     0.849     1.561     0.035    -0.008    -0.009
        56     0.798     1.647    -0.005    -0.006    -0.013
        56     0.748     1.734     0.034     0.015    -0.015
        56     0.697     1.820    -0.020    -0.007    -0.025
        56     0.647     1.906    -0.006    -0.018    -0.019
        56     0.596     1.992     0.006    -0.018    -0.007
        56     0.546     2.079     0.009    -0.004    -0.005
        56     0.495     2.165     0.015    -0.008     0.003
        56     0.444     2.251     0.076     0.041     0.000
%   fiber f1:0057
        57     1.496    -1.210    -0.006     0.018    -0.025
        57     1.470    -1.113    -0.004    -0.011    -0.020
        57     1.445    -1.017    -0.035     0.004    -0.039
        57     1.420    -0.920    -0.021    -0.002    -0.047
        57     1.394    -0.823     0.002    -0.023    -0.030
        57     1.369    -0.726     0.002    -0.035    -0.001
        57     1.344    -0.630    -0.048     0.002    -0.020
        57     1.318    -0.533    -0.024    -0.007    -0.025
        57     1.293    -0.436     0.059     0.013    -0.028
        57     1.268    -0.339    -0.042    -0.036    -0.009
        57     1.242    -0.243     0.009    -0.013     0.000
%   fiber f1:0058
        58     1.400    -0.822     0.001     0.002    -0.003
        58     1.431    -0.917     0.002     0.009    -0.001
        58     1.463    -1.012    -0.018    -0.034    -0.033
        58     1.494    -1.107    -0.037     0.021    -0.007
        58     1.525    -1.202    -0.021    -0.017    -0.022
        58     1.556    -1.297     0.000     0.000    -0.027
        58     1.587    -1.392    -0.000    -0.002    -0.034
        58     1.618    -1.487     0.019     0.029    -0.018
        58     1.649    -1.582    -0.009     0.043     0.020
        58     1.681    -1.677     0.001    -0.016    -0.001
        58     1.712    -1.772     0.004     0.008     0.000
%   fiber f1:0059
        59     0.720     1.851    -0.027    -0.012    -0.012
        59     0.689     1.946    -0.005    -0.002    -0.027
        59     0.659     2.042     0.029     0.029    -0.061
        59     0.629     2.137     0.038    -0.080     0.012
        59     0.598     2.232     0.021    -0.030     0.032
        59     0.568     2.327     0.008    -0.016     0.035
        59     0.538     2.423    -0.001    -0.017     0.035
        59     0.507     2.518    -0.006    -0.004     0.022
        59     0.477     2.613    -0.011    -0.028     0.030
        59     0.447     2.709     0.000     0.000     0.015
        59     0.416     2.804     0.000     0.000     0.000
%   fiber f1:0060
        60     1.087     0.651     0.033    -0.006     0.029
        60     1.049     0.744     0.018     0.018     0.032
        60     1.011     0.837    -0.018     0.011     0.027
        60     0.974     0.929    -0.019     0.005     0.027
        60     0.936     1.022     0.068     0.015     0.050
        60     0.898     1.115     0.022     0.040     0.033
        60     0.861     1.207    -0.012     0.022     0.020
        60     0.823     1.300    -0.010     0.014     0.015
        60     0.786     1.392     0.074     0.030     0.027
        60     0.748     1.485    -0.000     0.052    -0.009
        60     0.710     1.578     0.023     0.012     0.000
%   fiber f1:0061
        61     1.214    -0.078     0.002    -0.022    -0.040
        61     1.239    -0.175     0.034     0.078     0.010
        61     1.263    -0.272     0.078     0.006    -0.022
        61     1.287    -0.369     0.048     0.017    -0.035
        61     1.312    -0.466     0.016     0.048    -0.010
        61     1.336    -0.563     0.010     0.047     0.015
        61     1.360    -0.660     0.017     0.012     0.004
        61     1.385    -0.757     0.004    -0.012    -0.026
        61     1.409    -0.854    -0.040    -0.025    -0.059
        61     1.433    -0.951    -0.059     0.048    -0.016
        61     1.458    -1.048     0.034     0.043     0.000
%   fiber f1:0062
        62     0.330     2.677     0.000     0.000    -0.011
        62     0.372     2.586    -0.004     0.009    -0.011
        62     0.413     2.495     0.022     0.001    -0.030
        62     0.455     2.404     0.000     0.000    -0.040
        62     0.496     2.313     0.029     0.019    -0.045
        62     0.538     2.222     0.030     0.026    -0.044
        62     0.579     2.131    -0.052     0.004    -0.030
        62     0.621     2.040    -0.034     0.018    -0.010
        62     0.662     1.949    -0.030     0.018     0.008
        62     0.704     1.858     0.023     0.025     0.011
        62     0.745     1.767     0.000     0.000     0.000
%   fiber f1:0063
        63     1.590    -1.619     0.008     0.006     0.013
        63     1.650    -1.699     0.024     0.002     0.014
        63     1.709    -1.780     0.005    -0.011     0.015
        63     1.768    -1.860     0.014    -0.049    -0.020
        63     1.828    -1.941    -0.016    -0.013    -0.007
        63     1.887    -2.021    -0.029     0.017     0.036
        63     1.946    -2.102     0.022    -0.104    -0.047
        63     2.006    -2.182     0.031     0.018    -0.038
        63     2.065    -2.263     0.031    -0.043    -0.077
        63     2.124    -2.344     0.023     0.080    -0.013
        63     2.183    -2.424     0.000     0.000     0.000
%   fiber f1:0064
        64     2.253    -2.512     0.017     0.019     0.002
        64     2.194    -2.431     0.010    -0.012     0.024
        64     2.135    -2.350     0.006     0.020     0.020
        64     2.076    -2.270    -0.000     0.023     0.008
        64     2.017    -2.189    -0.020    -0.020     0.020
        64     1.958    -2.108    -0.044     0.007    -0.003
        64     1.899    -2.028     0.013     0.044    -0.024
        64     1.840    -1.947     0.021     0.034    -0.032
        64     1.781    -1.866    -0.020    -0.015    -0.024
        64     1.722    -1.786     0.026     0.028    -0.024
        64     1.662    -1.705     0.036     0.006     0.000
%   fiber f1:0065
        65     1.074     0.739    -0.010    -0.016    -0.011
        65     1.044     0.835    -0.021    -0.017    -0.024
        65     1.015     0.930     0.047    -0.094     0.055
        65     0.985     1.026     0.025     0.003     0.036
        65     0.955     1.121    -0.021    -0.028     0.033
        65     0.925     1.217    -0.023    -0.033     0.034
        65     0.896     1.312    -0.011    -0.004     0.011
        65     0.866     1.408     0.046    -0.044     0.043
        65     0.836     1.503    -0.068    -0.050     0.047
        65     0.807     1.599    -0.000    -0.015     0.038
        65     0.777     1.694     0.022     0.021     0.000
%   fiber f1:0066
        66     0.596     2.263     0.000     0.000     0.013
        66     0.628     2.168     0.000     0.000     0.026
        66     0.660     2.074     0.003    -0.056    -0.015
        66     0.692     1.979     0.045    -0.017    -0.032
        66     0.725     1.884     0.040    -0.006    -0.037
        66     0.757     1.790     0.020     0.008    -0.023
        66     0.789     1.695     0.014     0.003    -0.012
        66     0.821     1.600     0.036    -0.028    -0.037
        66     0.853     1.506     0.024     0.011    -0.021
        66     0.885     1.411     0.013    -0.000    -0.013
        66     0.918     1.316     0.000    -0.000     0.000
%   fiber f1:0067
        67     0.751     1.778     0.007     0.004    -0.004
        67     0.716     1.872     0.042     0.015    -0.007
        67     0.682     1.966    -0.013    -0.002    -0.012
        67     0.647     2.060    -0.006    -0.016    -0.001
        67     0.613     2.154    -0.008     0.019    -0.024
        67     0.578     2.247    -0.005    -0.021    -0.008
        67     0.544     2.341    -0.030    -0.011    -0.011
        67     0.509     2.435     0.019     0.029    -0.034
        67     0.475     2.529     0.042    -0.029     0.005
        67     0.440     2.623     0.000     0.000     0.003
        67     0.406     2.717     0.000     0.000     0.000
%   fiber f1:0068
        68     0.248    -3.585     0.000     0.085    -0.061
        68     0.187    -3.506     0.000     0.006    -0.059
        68     0.126    -3.427     0.000     0.000    -0.053
        68     0.064    -3.348     0.000     0.000    -0.046
        68     0.003    -3.269     0.000     0.000    -0.040
        68    -0.058    -3.190     0.000     0.000    -0.033
        68    -0.120    -3.111     0.000     0.000    -0.026
        68    -0.181    -3.032     0.000     0.000    -0.020
        68    -0.242    -2.953     0.000     0.000    -0.013
        68    -0.304    -2.874     0.000     0.000    -0.007
        68    -0.365    -2.795     0.000     0.000     0.000
%   fiber f1:0069
        69     1.645    -1.442    -0.012     0.005    -0.006
        69     1.605    -1.351    -0.013     0.043    -0.047
        69     1.565    -1.259     0.000     0.000    -0.043
        69     1.525    -1.167     0.054     0.060    -0.072
        69     1.485    -1.076     0.026    -0.048    -0.013
        69     1.445    -0.984     0.000     0.000    -0.010
        69     1.405    -0.892    -0.018    -0.011    -0.003
        69     1.365    -0.801    -0.038    -0.008    -0.007
        69     1.325    -0.709    -0.037    -0.021     0.001
        69     1.286    -0.617     0.050     0.023     0.003
        69     1.246    -0.525    -0.002     0.006     0.000
%   fiber f1:0070
        70     1.037     1.194     0.000     0.000    -0.019
        70     1.058     1.097    -0.007     0.011    -0.025
        70     1.079     0.999    -0.022     0.041    -0.000
        70     1.101     0.901    -0.019     0.028     0.013
        70     1.122     0.804    -0.005     0.080     0.073
        70     1.144     0.706    -0.014     0.031     0.087
        70     1.165     0.608     0.043     0.019     0.078
        70     1.186     0.511     0.015     0.012     0.068
        70     1.208     0.413     0.081    -0.002     0.029
        70     1.229     0.315     0.007     0.006     0.015
        70     1.251     0.218     0.013     0.007     0.000
%   fiber f1:0071
        71     1.480    -1.067    -0.011    -0.002    -0.002
        71     1.452    -0.971    -0.044    -0.011    -0.004
        71     1.425    -0.875    -0.009    -0.012     0.004
        71     1.397    -0.779    -0.057     0.015    -0.027
        71     1.370    -0.683    -0.001    -0.000    -0.027
        71     1.342    -0.587     0.012     0.045    -0.067
        71     1.315    -0.491    -0.105     0.009    -0.106
        71     1.287    -0.394    -0.008    -0.068    -0.044
        71     1.260    -0.298     0.035    -0.016    -0.019
        71     1.232    -0.202     0.035    -0.015     0.004
        71     1.205    -0.106     0.003     0.005     0.000
%   fiber f1:0072
        72     1.506    -1.121    -0.009    -0.010     0.018
        72     1.483    -1.024    -0.054     0.003     0.013
        72     1.459    -0.927    -0.069    -0.006     0.013
        72     1.436    -0.830    -0.023     0.003     0.015
        72     1.412    -0.732    -0.047     0.006     0.009
        72     1.389    -0.635    -0.029     0.012     0.001
        72     1.365    -0.538     0.006    -0.031     0.043
        72     1.342    -0.441     0.002     0.010     0.045
        72     1.318    -0.344     0.012     0.063    -0.003
        72     1.294    -0.246     0.062     0.041    -0.018
        72     1.271    -0.149     0.033    -0.000     0.000
%   fiber f1:0073
        73     1.732    -1.732    -0.016     0.018     0.015
        73     1.780    -1.819    -0.016     0.016     0.028
        73     1.828    -1.907     0.005     0.032     0.045
        73     1.877    -1.995     0.001    -0.005     0.032
        73     1.925    -2.082    -0.010    -0.019     0.012
        73     1.973    -2.170    -0.001     0.018     0.020
        73     2.021    -2.258    -0.031    -0.032    -0.002
        73     2.069    -2.345    -0.044     0.018     0.026
        73     2.117    -2.433     0.000     0.000     0.017
        73     2.165    -2.521     0.000     0.000     0.009
        73     2.214    -2.608     0.000     0.000     0.000
%   fiber f1:0074
        74     1.970    -2.134    -0.009     0.117    -0.112
        74     1.921    -2.047     0.046    -0.040    -0.059
        74     1.872    -1.960     0.018     0.014    -0.067
        74     1.823    -1.872     0.040    -0.018    -0.037
        74     1.774    -1.785     0.003    -0.010    -0.032
        74     1.726    -1.698    -0.002    -0.010    -0.028
        74     1.677    -1.611    -0.013    -0.009    -0.032
        74     1.628    -1.523    -0.023    -0.048    -0.006
        74     1.579    -1.436     0.051     0.008     0.007
        74     1.530    -1.349    -0.004    -0.005     0.005
        74     1.482    -1.262     0.000     0.000     0.000
%   fiber f1:0075
        75     1.383    -0.929     0.011     0.018     0.020
        75     1.420    -1.022     0.007    -0.017     0.009
        75     1.456    -1.116    -0.035    -0.034    -0.002
        75     1.492    -1.209    -0.007    -0.006     0.003
        75     1.529    -1.302    -0.009    -0.007     0.007
        75     1.565    -1.395    -0.042    -0.008     0.023
        75     1.601    -1.488    -0.016    -0.043    -0.004
        75     1.637    -1.581    -0.015    -0.015    -0.005
        75     1.674    -1.675    -0.016     0.016     0.024
        75     1.710    -1.768    -0.009    -0.046    -0.008
        75     1.746    -1.861     0.000     0.000     0.000
%   fiber f1:0076
        76     0.878     1.623    -0.048    -0.010    -0.011
        76     0.830     1.711    -0.058     0.009    -0.045
        76     0.783     1.799     0.003    -0.002    -0.039
        76     0.736     1.887     0.039     0.023    -0.039
        76     0.688     1.975     0.024     0.008    -0.032
        76     0.641     2.063     0.010    -0.011    -0.015
        76     0.593     2.151    -0.021     0.006    -0.029
        76     0.546     2.239    -0.088    -0.012    -0.057
        76     0.498     2.327     0.006    -0.044    -0.013
        76     0.451     2.415     0.013     0.002    -0.006
        76     0.403     2.503     0.006    -0.001     0.000
%   fiber f1:0077
        77     0.877     1.395     0.000     0.000    -0.001
        77     0.838     1.487    -0.020     0.003    -0.012
        77     0.798     1.579    -0.037     0.004    -0.030
        77     0.759     1.671    -0.024    -0.029    -0.014
        77     0.720     1.763    -0.043    -0.014    -0.018
        77     0.681     1.855     0.010    -0.021     0.004
        77     0.642     1.947     0.002     0.011    -0.006
        77     0.603     2.039     0.004    -0.002    -0.003
        77     0.563     2.131    -0.001     0.013    -0.016
        77     0.524     2.223     0.008    -0.011    -0.003
        77     0.485     2.315     0.015     0.002     0.000
%   fiber f1:0078
        78     1.465    -1.027     0.000     0.000     0.011
        78     1.498    -1.122     0.010    -0.025    -0.004
        78     1.531    -1.216    -0.013    -0.007     0.005
        78     1.564    -1.311     0.001    -0.001     0.015
        78     1.596    -1.405     0.002    -0.007     0.019
        78     1.629    -1.500     0.000     0.000     0.031
        78     1.662    -1.594    -0.011    -0.008     0.038
        78     1.695    -1.689    -0.026    -0.044     0.016
        78     1.728    -1.783    -0.006    -0.025     0.006
        78     1.760    -1.878    -0.018    -0.037    -0.011
        78     1.793    -1.972     0.000     0.000     0.000
%   fiber f1:0079
        79     1.007     1.063     0.022     0.027    -0.022
        79     0.973     1.157     0.017    -0.031     0.008
        79     0.940     1.251     0.007    -0.001     0.007
        79     0.907     1.346    -0.018    -0.016     0.011
        79     0.873     1.440     0.000    -0.011     0.017
        79     0.840     1.534     0.054     0.018     0.014
        79     0.807     1.629     0.010    -0.001     0.014
        79     0.773     1.723    -0.002     0.006     0.003
        79     0.740     1.817    -0.000    -0.026     0.023
        79     0.707     1.911     0.049     0.043    -0.006
        79     0.673     2.006    -0.023    -0.019     0.000
%   fiber f1:0080
        80     0.438     2.639     0.011     0.016    -0.006
        80     0.470     2.544    -0.012     0.006    -0.015
        80     0.501     2.449    -0.025    -0.010    -0.035
        80     0.533     2.354    -0.018    -0.003    -0.050
        80     0.564     2.260    -0.001     0.039    -0.031
        80     0.596     2.165     0.066    -0.010    -0.079
        80     0.627     2.070     0.006     0.075    -0.028
        80     0.659     1.975    -0.036    -0.037    -0.070
        80     0.690     1.880    -0.032     0.039    -0.041
        80     0.722     1.785     0.007     0.040    -0.023
        80     0.753     1.690     0.004     0.044     0.000
%   fiber f1:0081
        81     1.251    -0.022     0.001     0.000     0.006
        81     1.225     0.074     0.004    -0.014     0.026
        81     1.199     0.171    -0.030    -0.023     0.046
        81     1.173     0.267     0.023     0.006     0.051
        81     1.146     0.364    -0.009    -0.007     0.061
        81     1.120     0.460     0.000     0.000     0.066
        81     1.094     0.557     0.013     0.014     0.061
        81     1.068     0.653     0.006     0.022     0.047
        81     1.041     0.750    -0.026     0.004     0.042
        81     1.015     0.846    -0.022     0.055    -0.012
        81     0.989     0.943    -0.015    -0.011     0.000
%   fiber f1:0082
        82     1.117     0.448    -0.001    -0.000    -0.012
        82     1.144     0.351    -0.062     0.002    -0.006
        82     1.171     0.255     0.009     0.060     0.037
        82     1.197     0.159    -0.010    -0.002     0.025
        82     1.224     0.062     0.000     0.000     0.012
        82     1.251    -0.034    -0.006     0.004     0.005
        82     1.278    -0.130    -0.000    -0.052    -0.058
        82     1.304    -0.227    -0.017     0.046    -0.022
        82     1.331    -0.323    -0.020     0.039     0.008
        82     1.358    -0.419    -0.040     0.010     0.016
        82     1.385    -0.516    -0.023    -0.009     0.000
%   fiber f1:0083
        83     1.524    -1.198     0.012    -0.002    -0.008
        83     1.500    -1.101     0.022     0.012    -0.028
        83     1.477    -1.003     0.043     0.019    -0.049
        83     1.454    -0.906     0.012    -0.025    -0.035
        83     1.430    -0.809    -0.067    -0.013    -0.050
        83     1.407    -0.712    -0.016    -0.011    -0.055
        83     1.384    -0.614     0.054    -0.050    -0.007
        83     1.361    -0.517     0.032     0.004    -0.016
        83     1.337    -0.420     0.039    -0.003    -0.017
        83     1.314    -0.323     0.030    -0.023     0.000
        83     1.291    -0.225     0.018    -0.008     0.000
%   fiber f1:0084
        84     0.996     1.133    -0.022    -0.017    -0.024
        84     1.020     1.036    -0.019     0.021    -0.011
        84     1.043     0.939     0.046     0.013    -0.021
        84     1.067     0.842     0.005     0.028    -0.007
        84     1.091     0.745     0.011    -0.023    -0.044
        84     1.114     0.648     0.058     0.091     0.019
        84     1.138     0.550     0.020     0.024     0.025
        84     1.161     0.453    -0.023    -0.029    -0.009
        84     1.185     0.356    -0.031     0.039     0.024
        84     1.208     0.259     0.017    -0.017    -0.009
        84     1.232     0.162     0.022     0.027     0.000
%   fiber f1:0085
        85     1.965    -2.064     0.000     0.000    -0.006
        85     1.915    -1.977     0.007     0.008    -0.016
        85     1.866    -1.890    -0.044    -0.036    -0.011
        85     1.817    -1.803    -0.031    -0.081     0.038
        85     1.768    -1.716    -0.068     0.026    -0.024
        85     1.719    -1.629    -0.038    -0.031    -0.022
        85     1.669    -1.542    -0.012    -0.001    -0.033
        85     1.620    -1.455     0.038     0.002    -0.022
        85     1.571    -1.368     0.031    -0.045     0.026
        85     1.522    -1.281     0.000     0.017     0.006
        85     1.473    -1.193     0.000     0.000     0.000
%   fiber f1:0086
        86     0.377     2.592    -0.008     0.025     0.035
        86     0.419     2.501     0.080    -0.018    -0.005
        86     0.460     2.410     0.007     0.011     0.011
        86     0.501     2.319    -0.016    -0.037    -0.006
        86     0.542     2.228    -0.078    -0.047    -0.008
        86     0.584     2.137     0.030    -0.009    -0.019
        86     0.625     2.046     0.030     0.014    -0.009
        86     0.666     1.955     0.022     0.009    -0.001
        86     0.708     1.864     0.057     0.035     0.017
        86     0.749     1.773     0.017    -0.018     0.003
        86     0.790     1.682    -0.011    -0.019     0.000
%   fiber f1:0087
        87     0.893     1.367     0.002     0.005    -0.005
        87     0.856     1.460    -0.008    -0.006    -0.003
        87     0.820     1.553    -0.108    -0.017    -0.029
        87     0.783     1.646    -0.020     0.014    -0.050
        87     0.746     1.739     0.009     0.006    -0.054
        87     0.710     1.832    -0.033     0.005    -0.072
        87     0.673     1.925    -0.009    -0.030    -0.049
        87     0.637     2.018    -0.040    -0.010    -0.056
        87     0.600     2.111    -0.009    -0.037    -0.026
        87     0.563     2.205    -0.002     0.009    -0.037
        87     0.527     2.298     0.043    -0.024     0.000
%   fiber f1:0088
        88     0.373     2.526     0.011     0.006     0.010
        88     0.420     2.438     0.024     0.005     0.013
        88     0.467     2.350     0.045    -0.006    -0.004
        88     0.515     2.262    -0.016    -0.020    -0.004
        88     0.562     2.174    -0.029    -0.036    -0.012
        88     0.609     2.086     0.072    -0.031    -0.064
        88     0.656     1.998    -0.012     0.032    -0.021
        88     0.704     1.909    -0.034    -0.032    -0.023
        88     0.751     1.821     0.012    -0.013    -0.031
        88     0.798     1.733     0.020     0.006    -0.025
        88     0.846     1.645    -0.004     0.015     0.000
%   fiber f1:0089
        89     0.919     1.425     0.002     0.012    -0.008
        89     0.876     1.515    -0.023     0.003    -0.019
        89     0.832     1.605    -0.007     0.077    -0.089
        89     0.789     1.695     0.054    -0.010    -0.056
        89     0.746     1.786    -0.012     0.021    -0.078
        89     0.703     1.876    -0.025    -0.016    -0.072
        89     0.659     1.966     0.026     0.023    -0.079
        89     0.616     2.056    -0.021    -0.053    -0.039
        89     0.573     2.146    -0.024    -0.016    -0.033
        89     0.530     2.236     0.033    -0.016    -0.003
        89     0.486     2.327     0.004     0.001     0.000
%   fiber f1:0090
        90     1.167     0.235     0.008    -0.006     0.017
        90     1.189     0.137     0.013    -0.024     0.015
        90     1.211     0.040    -0.002    -0.040    -0.000
        90     1.233    -0.058    -0.008    -0.029    -0.003
        90     1.254    -0.156    -0.002    -0.016     0.006
        90     1.276    -0.253     0.044    -0.013     0.008
        90     1.298    -0.351    -0.006    -0.041    -0.007
        90     1.319    -0.448     0.051    -0.036    -0.029
        90     1.341    -0.546    -0.044    -0.037    -0.032
        90     1.363    -0.644     0.045    -0.002    -0.019
        90     1.384    -0.741    -0.004    -0.006     0.000
%   fiber f1:0091
        91     0.956     1.071    -0.014    -0.018     0.016
        91     0.922     1.165    -0.028     0.013    -0.002
        91     0.888     1.260    -0.032    -0.005    -0.004
        91     0.854     1.354     0.052     0.015     0.003
        91     0.820     1.448     0.000     0.000     0.007
        91     0.786     1.542     0.000     0.000     0.010
        91     0.753     1.636    -0.011     0.030    -0.017
        91     0.719     1.730    -0.063    -0.021    -0.015
        91     0.685     1.824    -0.025    -0.010    -0.010
        91     0.651     1.918    -0.003     0.001    -0.008
        91     0.617     2.012    -0.027    -0.015     0.000
%   fiber f1:0092
        92     1.720    -1.927     0.000     0.000    -0.004
        92     1.786    -2.003     0.009     0.004    -0.011
        92     1.851    -2.079     0.032     0.046    -0.000
        92     1.916    -2.155     0.037     0.064     0.020
        92     1.981    -2.231    -0.031    -0.006     0.032
        92     2.046    -2.306    -0.029    -0.003     0.045
        92     2.111    -2.382    -0.009    -0.005     0.042
        92     2.176    -2.458     0.005    -0.014     0.025
        92     2.241    -2.534     0.006    -0.012     0.008
        92     2.307    -2.610     0.000     0.000     0.004
        92     2.372    -2.686     0.000     0.000     0.000
%   fiber f1:0093
        93     0.678     1.777     0.009    -0.009    -0.010
        93     0.719     1.686    -0.016     0.005     0.002
        93     0.761     1.595     0.012    -0.020    -0.020
        93     0.803     1.505     0.004     0.003    -0.018
        93     0.844     1.414    -0.011    -0.006    -0.017
        93     0.886     1.323    -0.014     0.005    -0.005
        93     0.928     1.232     0.040    -0.018    -0.037
        93     0.970     1.141     0.010    -0.002    -0.042
        93     1.011     1.050     0.000    -0.017    -0.056
        93     1.053     0.959    -0.014     0.017    -0.033
        93     1.095     0.868    -0.052     0.011     0.000
%   fiber f1:0094
        94     1.410    -0.636     0.000     0.023    -0.023
        94     1.376    -0.542    -0.018    -0.012    -0.019
        94     1.342    -0.448    -0.023    -0.016    -0.012
        94     1.308    -0.354    -0.080     0.012    -0.052
        94     1.273    -0.260    -0.017    -0.064     0.001
        94     1.239    -0.166     0.011     0.019    -0.013
        94     1.205    -0.072     0.008    -0.035     0.021
        94     1.171     0.022     0.014     0.016     0.010
        94     1.137     0.116    -0.000    -0.006     0.014
        94     1.102     0.210     0.059     0.034     0.001
        94     1.068     0.304     0.003     0.001     0.000
%   fiber f1:0095
        95     1.382    -0.783     0.006    -0.063    -0.056
        95     1.416    -0.877    -0.003    -0.029    -0.077
        95     1.450    -0.970     0.063    -0.046    -0.136
        95     1.484    -1.064     0.064    -0.006    -0.159
        95     1.519    -1.158    -0.001    -0.030    -0.182
        95     1.553    -1.252     0.000     0.014    -0.163
        95     1.587    -1.346     0.025     0.017    -0.150
        95     1.622    -1.440     0.028     0.053    -0.105
        95     1.656    -1.534     0.009    -0.003    -0.106
        95     1.690    -1.628    -0.015     0.013    -0.083
        95     1.724    -1.722     0.002     0.084     0.000
%   fiber f1:0096
        96     1.947    -2.261    -0.006    -0.030     0.026
        96     1.917    -2.165     0.040     0.003     0.033
        96     1.886    -2.070    -0.020     0.055    -0.026
        96     1.856    -1.975    -0.067    -0.036    -0.013
        96     1.825    -1.880    -0.008    -0.009    -0.008
        96     1.795    -1.784     0.000     0.000    -0.009
        96     1.764    -1.689     0.000     0.000    -0.010
        96     1.734    -1.594     0.000     0.000    -0.011
        96     1.703    -1.499     0.000     0.000    -0.012
        96     1.673    -1.403    -0.007    -0.009    -0.007
        96     1.643    -1.308    -0.014    -0.012     0.000
%   fiber f1:0097
        97     2.171    -2.513     0.000     0.000     0.012
        97     2.122    -2.425    -0.000    -0.001     0.025
        97     2.073    -2.338    -0.052     0.028    -0.013
        97     2.024    -2.251    -0.005    -0.011     0.006
        97     1.975    -2.164    -0.022     0.021    -0.011
        97     1.926    -2.077    -0.063    -0.028    -0.006
        97     1.877    -1.989    -0.024    -0.008     0.001
        97     1.828    -1.902    -0.012     0.013    -0.005
        97     1.779    -1.815    -0.045     0.019    -0.032
        97     1.730    -1.728    -0.015    -0.030    -0.001
        97     1.681    -1.641    -0.032    -0.005     0.000
%   fiber f1:0098
        98     1.294    -0.806     0.023    -0.015     0.015
        98     1.287    -0.706     0.000     0.004     0.011
        98     1.279    -0.607     0.006    -0.027     0.038
        98     1.272    -0.507     0.028     0.003     0.036
        98     1.265    -0.407    -0.056    -0.036     0.067
        98     1.258    -0.307    -0.043     0.002     0.061
        98     1.250    -0.208    -0.039    -0.024     0.081
        98     1.243    -0.108     0.035     0.023     0.059
        98     1.236    -0.008     0.039     0.029     0.032
        98     1.229     0.092    -0.014     0.035    -0.004
        98     1.221     0.191     0.014    -0.004     0.000
%   fiber f1:0099
        99     0.774     1.919    -0.028    -0.012     0.002
        99     0.804     1.823    -0.011     0.007     0.017
        99     0.834     1.728    -0.022    -0.011     0.018
        99     0.864     1.633     0.005    -0.005     0.017
        99     0.894     1.537     0.020    -0.019    -0.003
        99     0.924     1.442    -0.001     0.014     0.015
        99     0.954     1.346    -0.015    -0.022     0.003
        99     0.984     1.251     0.011    -0.019    -0.014
        99     1.014     1.156    -0.020    -0.001    -0.004
        99     1.044     1.060     0.007    -0.013    -0.013
        99     1.074     0.965    -0.001     0.008     0.000
%   fiber f1:0100
       100     1.187     0.151     0.000     0.000    -0.002
       100     1.210     0.054     0.000     0.000    -0.003
       100     1.233    -0.044     0.004     0.001    -0.005
       100     1.256    -0.141    -0.001    -0.008    -0.014
       100     1.279    -0.238    -0.025    -0.038    -0.047
       100     1.302    -0.336    -0.062    -0.014    -0.047
       100     1.325    -0.433    -0.049     0.029    -0.009
       100     1.348    -0.530    -0.071    -0.021    -0.015
       100     1.371    -0.628    -0.028    -0.057    -0.066
       100     1.394    -0.725    -0.005     0.052    -0.015
       100     1.417    -0.822     0.059     0.031     0.000
% end
