38 0.938054
39 0.696467
39 0.703059
39 0.740773
39 1.02919
39 1.10848
39 0.870412
39 0.810678
39 0.659433
39 1.11846
39 1.01256
39 1.06547
39 0.803986
39 0.586738
39 0.9621
39 1.06627
39 0.765212
39 1.31672
39 0.775976
39 0.827191
39 1.46924
39 0.646212
39 0.666868
39 0.912595
39 0.54759
39 0.771989
39 1.01723
39 1.10881
39 0.828291
39 1.05709
39 0.577957
39 0.592455
39 0.798371
39 1.44788
39 0.755581
39 0.992482
39 1.1108
39 0.658263
39 1.03555
39 0.911886
39 0.659566
39 0.781173
39 0.711122
39 0.898788
39 0.899031
39 0.922637
39 0.687659
39 0.968786
39 0.992697
39 1.13005
39 1.38559
39 0.848935
39 1.48235
39 1.02267
39 0.889148
39 1.81571
39 1.03247
39 0.901119
39 0.703368
39 1.28748
39 1.13264
39 0.963255
39 0.701886
39 0.626844
39 0.938241
39 0.75023
39 1.38675
39 1.11324
39 0.820432
39 0.898656
39 0.72238
39 0.839561
39 1.02836
39 0.867989
39 1.09507
39 0.406985
39 0.741284
39 1.63721
39 1.12038
39 0.923891
39 0.733552
39 0.949607
39 0.762182
39 1.07924
39 0.679331
39 0.827407
39 0.701789
39 0.953444
39 0.829249
39 0.56009
39 0.63965
39 1.16839
39 1.42111
39 0.569395
39 1.0468
39 0.74733
39 1.10096
39 0.914114
39 0.918261
39 1.47491
39 1.17992
39 0.990549
39 1.30136
39 0.792146
39 1.61092
39 1.2595
39 0.590639
39 0.910823
39 0.910003
39 0.8306
39 0.721087
39 1.11743
39 0.832964
39 0.507804
39 0.858723
39 1.13289
39 1.43684
39 0.884147
39 1.01768
39 0.763629
39 0.863662
39 0.948777
39 0.724764
39 1.06642
39 0.551943
39 0.982703
39 1.05179
39 0.778525
39 1.3575
39 0.726197
39 1.31174
39 0.440897
39 0.928062
39 1.42103
39 0.75052
39 0.766893
39 1.23217
39 1.00215
39 0.510857
39 1.56344
39 0.782458
39 0.980673
39 0.990214
39 0.642513
39 0.708393
39 0.625283
39 0.52941
39 1.34928
39 0.689356
39 0.760834
39 0.76351
39 1.13151
39 0.838278
39 0.622689
39 0.736047
39 0.738166
39 1.08206
39 1.25649
39 1.05267
39 0.734076
39 0.930754
39 0.715601
39 1.36324
39 0.684474
39 0.954449
39 1.13226
39 0.711053
39 1.41954
39 1.21676
39 1.04533
39 0.740096
39 1.3245
39 0.978936
39 0.933085
39 0.998648
39 0.713955
39 0.587897
39 1.27946
39 1.17003
39 0.516653
39 1.05519
39 0.558969
39 0.957486
39 0.552123
39 0.988764
39 0.790102
39 1.24193
39 0.714695
39 0.921122
39 0.571198
39 0.86418
39 1.1824
39 0.931093
39 0.76964
39 0.833045
39 0.787031
39 1.11488
39 0.779464
39 0.705695
39 0.545097
39 0.598084
39 0.740165
39 0.76038
39 0.692628
39 0.889065
39 0.869591
39 1.05311
39 0.765332
39 1.09068
39 0.85216
39 1.10625
39 1.31657
39 1.18267
39 1.29141
39 0.777559
39 0.578079
39 0.723618
39 0.977653
39 0.511175
39 0.943226
39 1.11396
39 0.669887
39 0.873407
39 0.934679
39 1.26004
