38 0.801645
39 1.00405
39 1.2751
39 1.01872
39 0.895402
39 1.43189
39 1.1194
39 0.927488
39 0.712859
39 0.942502
39 0.6739
39 0.67055
39 0.776145
39 0.528936
39 0.93899
39 0.530356
39 2.15922
39 0.915738
39 0.628054
39 0.694288
39 1.03746
39 0.942901
39 1.13635
39 0.868092
39 0.799458
39 0.654381
39 0.907958
39 0.565412
39 1.19788
39 0.546354
39 0.661375
39 1.78764
39 1.3176
39 0.678826
39 0.537781
39 0.569608
39 0.57781
39 0.956649
39 0.804579
39 1.58304
39 1.04974
39 1.04543
39 0.738431
39 0.706899
39 0.787661
39 0.66489
39 1.26821
39 1.10559
39 0.708887
39 1.17985
39 0.659938
39 0.952667
39 1.1362
39 0.647491
39 0.765891
39 1.35371
39 0.876905
39 0.765197
39 0.709657
39 0.95332
39 1.04529
39 1.3251
39 1.00244
39 0.724428
39 0.804793
39 1.52968
39 0.872474
39 0.924234
39 0.806909
39 0.765162
39 1.33882
39 1.74789
39 0.852897
39 1.59541
39 0.672619
39 0.676475
39 0.788639
39 1.00282
39 0.765954
39 0.720628
39 0.780186
39 1.45212
39 0.631622
39 0.878256
39 1.22812
39 1.09993
39 0.470698
39 0.726151
39 1.77928
39 1.46284
39 0.902939
39 2.05766
39 1.28921
39 1.04281
39 1.09581
39 1.17801
39 1.84476
39 1.06587
39 0.693091
39 0.850282
39 1.58836
39 1.07005
39 0.782947
39 1.509
39 0.907918
39 1.2269
39 0.952801
39 1.56855
39 0.754727
39 1.2551
39 0.406484
39 0.750062
39 0.862659
39 0.967369
39 0.521386
39 1.31823
39 1.15902
39 0.733744
39 0.712913
39 1.28658
39 1.14622
39 1.00606
39 1.31795
39 1.28448
39 0.719722
39 0.83593
39 0.655032
39 0.846542
39 0.842046
39 0.440432
39 1.16643
39 0.954758
39 0.680127
39 0.873141
39 0.681519
39 1.56286
39 1.31313
39 0.690358
39 0.588982
39 0.957615
39 0.799093
39 0.717748
39 1.10575
39 0.728279
39 1.08634
39 0.66843
39 0.651805
39 0.704754
39 1.29076
39 1.27577
39 0.840847
39 0.711278
39 0.613959
39 0.706033
39 0.682492
39 1.57016
39 0.588573
39 0.848955
39 0.775335
39 0.602284
39 0.69296
39 0.784337
39 0.864927
39 1.4628
39 1.00982
39 1.32239
39 0.67757
39 1.60163
39 1.60226
39 0.966213
39 0.581805
39 0.923508
39 0.724899
39 0.61351
39 0.498142
39 1.3889
39 0.953657
39 0.889195
39 1.57703
39 0.770592
39 1.53701
39 0.634334
39 1.0701
39 0.657839
39 0.966366
39 0.876086
39 1.17422
39 1.02946
39 0.78703
39 0.682182
39 1.15549
39 0.542188
39 1.06394
39 0.813433
39 1.0304
39 0.816107
39 1.04939
39 0.668277
39 1.01614
39 1.34115
39 0.856993
39 0.886007
39 0.699517
39 1.4758
39 1.14705
39 0.611179
39 1.28397
39 0.824831
39 0.723531
39 0.790148
39 0.690831
39 0.84719
39 0.82834
39 0.904831
39 1.29584
39 1.00739
39 0.695182
39 0.95382
39 1.28264
39 0.971769
39 0.699967
39 0.822697
39 0.784659
39 0.800363
39 1.53017
