38 0.66302
39 0.579238
39 0.615347
39 0.904355
39 0.804475
39 0.69825
39 0.666834
39 1.18827
39 0.826065
39 0.691821
39 0.424271
39 0.935841
39 0.777636
39 0.753555
39 0.660954
39 0.716688
39 1.09743
39 0.792286
39 0.657278
39 0.733986
39 1.54691
39 0.603803
39 1.29519
39 1.3766
39 1.10245
39 1.0886
39 1.11426
39 0.914751
39 0.635965
39 0.675515
39 0.843806
39 0.739537
39 1.05158
39 0.697152
39 1.00953
39 1.053
39 1.13034
39 1.07919
39 1.05674
39 0.898128
39 0.851848
39 0.83441
39 1.69088
39 0.877883
39 0.727802
39 1.35388
39 0.570479
39 1.01556
39 1.18494
39 0.875668
39 0.928958
39 0.69675
39 0.736604
39 0.633806
39 0.862835
39 0.891733
39 1.04199
39 0.60469
39 0.861114
39 0.974873
39 1.16214
39 1.06812
39 0.805745
39 1.62428
39 0.993605
39 0.763002
39 0.947572
39 0.950746
39 0.637225
39 0.998482
39 0.860285
39 1.30028
39 0.929256
39 1.13963
39 1.24253
39 1.24354
39 0.659385
39 0.933966
39 0.892791
39 0.797578
39 0.720852
39 0.696517
39 1.25398
39 0.816069
39 0.681898
39 0.753046
39 1.15718
39 0.756932
39 1.38277
39 0.757462
39 1.0086
39 0.71174
39 0.689101
39 0.998836
39 0.829743
39 1.78798
39 0.883469
39 0.845474
39 1.36829
39 0.521317
39 0.717671
39 0.715416
39 1.42885
39 1.02001
39 1.53012
39 0.836134
39 0.893081
39 0.830535
39 0.969991
39 0.756273
39 1.03992
39 1.409
39 1.29922
39 0.808674
39 0.685239
39 1.1387
39 1.01943
39 0.891322
39 1.0954
39 0.807344
39 1.82338
39 0.914481
39 1.32948
39 0.828592
39 1.14532
39 0.855152
39 1.24032
39 0.693919
39 1.1571
39 1.42646
39 0.55793
39 1.12282
39 1.0002
39 0.918678
39 0.747799
39 0.633614
39 0.621678
39 1.51262
39 0.915785
39 0.688769
39 0.524163
39 0.785486
39 1.11869
39 0.687897
39 0.919055
39 0.5745
39 0.709539
39 0.961662
39 1.23821
39 1.18675
39 0.553875
39 1.10585
39 0.975285
39 1.03053
39 0.682883
39 0.867323
39 0.880314
39 1.0661
39 0.577703
39 0.754412
39 0.98285
39 0.965858
39 1.2691
39 1.11914
39 0.830159
39 0.658101
39 1.24182
39 0.591614
39 0.977497
39 0.706893
39 0.659591
39 0.828044
39 0.929475
39 0.875439
39 1.30301
39 0.866729
39 0.770042
39 1.03846
39 0.727622
39 0.560564
39 0.723628
39 0.931085
39 0.596663
39 0.777116
39 0.530298
39 1.20128
39 0.87198
39 1.02879
39 1.10489
39 0.755986
39 0.65094
39 1.17971
39 0.817267
39 0.936232
39 0.775611
39 0.868324
39 0.874612
39 1.10077
39 1.16442
39 0.908947
39 0.718046
39 0.887984
39 0.991355
39 0.928775
39 0.936918
39 0.80378
39 0.784063
39 0.866431
39 1.58099
39 0.868291
39 1.22442
39 0.740054
39 1.50114
39 1.29823
39 1.749
39 1.10459
39 0.714789
39 1.19186
39 0.692284
39 0.818394
39 1.22629
39 1.56159
39 0.683221
39 0.893761
39 0.698423
