38 0.632507
39 1.60547
39 1.72735
39 1.01903
39 0.723504
39 1.46286
39 0.675051
39 0.693327
39 1.3815
39 0.852993
39 1.17678
39 0.559962
39 0.934427
39 1.2998
39 0.624985
39 1.1019
39 0.81192
39 1.17304
39 0.947619
39 0.566655
39 1.18245
39 0.680734
39 1.1835
39 0.668029
39 0.947334
39 0.936905
39 0.639487
39 0.900803
39 1.01551
39 0.83448
39 0.6786
39 1.17594
39 1.56536
39 0.628561
39 1.34188
39 0.724133
39 0.800599
39 0.720173
39 0.974778
39 0.738811
39 1.11231
39 1.22694
39 0.540327
39 0.912935
39 1.22163
39 2.04002
39 0.560002
39 2.02901
39 0.995588
39 0.814451
39 1.31174
39 0.722375
39 0.94406
39 0.786828
39 0.881195
39 0.951935
39 0.957272
39 1.03716
39 1.0383
39 1.2044
39 0.896539
39 0.72329
39 1.2168
39 0.638631
39 1.15589
39 1.00994
39 1.15915
39 0.734012
39 0.768699
39 0.672796
39 0.753717
39 1.62286
39 1.06566
39 1.24798
39 0.865234
39 1.10886
39 0.856537
39 1.26594
39 1.71429
39 1.29963
39 1.36624
39 0.939467
39 1.1622
39 1.42244
39 0.565827
39 0.678373
39 0.695928
39 0.99578
39 0.66778
39 1.19271
39 0.674261
39 0.969833
39 0.829658
39 0.625954
39 0.947247
39 0.945844
39 1.35579
39 0.889307
39 0.770738
39 0.835657
39 0.664359
39 1.78578
39 0.881797
39 1.27953
39 0.642317
39 0.721254
39 0.889852
39 0.907329
39 0.744416
39 1.02322
39 0.913882
39 0.69035
39 1.24496
39 0.902343
39 1.07995
39 0.796365
39 0.584609
39 0.733885
39 0.938268
39 0.554948
39 0.633106
39 0.540423
39 0.513949
39 0.628991
39 0.985202
39 1.36906
39 0.502771
39 0.62258
39 0.725169
39 0.68385
39 0.786995
39 1.02083
39 0.797227
39 1.23875
39 0.51755
39 1.28839
39 0.959132
39 1.07655
39 0.886052
39 0.768366
39 1.25968
39 0.606545
39 1.00287
39 0.945118
39 1.01955
39 0.712976
39 1.17729
39 0.847511
39 0.844574
39 0.858185
39 0.915577
39 0.71364
39 0.852804
39 0.623582
39 1.15649
39 1.04145
39 0.967168
39 0.866839
39 0.967205
39 0.840305
39 0.887138
39 1.03582
39 0.662796
39 1.12764
39 0.866354
39 0.843457
39 0.559776
39 1.14607
39 1.44045
39 0.775701
39 0.776022
39 0.643099
39 0.60287
39 0.58192
39 0.679081
39 0.933989
39 1.28424
39 0.473746
39 0.714655
39 1.05489
39 1.0221
39 0.962671
39 0.749506
39 0.588837
39 0.865301
39 1.01134
39 0.756309
39 0.478863
39 0.626766
39 1.34441
39 0.961178
39 1.21395
39 0.658089
39 0.660942
39 0.907393
39 1.01202
39 1.41921
39 1.38002
39 0.990869
39 1.66505
39 0.903479
39 0.710822
39 0.789764
39 1.67595
39 1.68208
39 0.920009
39 1.22207
39 0.875667
39 0.830919
39 0.666179
39 0.518222
39 1.11604
39 0.710725
39 0.818564
39 0.94536
39 1.10649
39 0.74981
39 1.27696
39 1.34706
39 0.87059
39 1.37203
39 0.926443
39 0.965568
39 0.677486
39 0.908878
