38 1.25162
39 0.522978
39 1.42799
39 1.15631
39 0.740329
39 1.16219
39 0.789979
39 1.80868
39 0.687759
39 1.28331
39 0.709318
39 1.43306
39 0.968646
39 0.99263
39 0.757061
39 0.793934
39 0.722406
39 0.533476
39 0.803504
39 1.50641
39 0.715143
39 0.684801
39 1.39322
39 1.86513
39 1.39529
39 0.85817
39 0.930415
39 0.803808
39 1.07217
39 0.934981
39 0.754267
39 0.738572
39 2.03254
39 0.690671
39 0.94905
39 0.742752
39 1.8352
39 0.617045
39 1.52355
39 1.02139
39 1.04017
39 0.767293
39 1.37533
39 0.790628
39 0.581953
39 0.926815
39 1.36899
39 1.08487
39 0.740283
39 0.642041
39 1.09913
39 0.708013
39 0.721327
39 0.875503
39 1.20972
39 1.00085
39 1.07447
39 2.00943
39 0.982101
39 0.608892
39 0.97893
39 0.728006
39 1.10181
39 1.31689
39 0.813492
39 0.778526
39 0.636109
39 0.772804
39 1.64093
39 1.494
39 0.885707
39 1.03005
39 0.847339
39 0.509558
39 1.11793
39 1.2022
39 1.15458
39 0.781541
39 1.08106
39 0.603191
39 0.721484
39 1.39097
39 1.07057
39 0.700569
39 0.809894
39 0.625723
39 0.955844
39 0.974843
39 0.637466
39 0.72696
39 0.818022
39 1.22221
39 0.74359
39 0.758935
39 1.10952
39 0.861011
39 1.16055
39 1.21409
39 0.949407
39 0.906835
39 0.739692
39 0.749182
39 0.947058
39 0.726958
39 0.670375
39 0.655251
39 0.718158
39 0.788438
39 0.624216
39 1.87804
39 0.88262
39 0.996435
39 1.03896
39 1.33021
39 0.656225
39 1.18322
39 0.891505
39 0.962571
39 0.578169
39 0.612695
39 0.913284
39 0.940101
39 1.03982
39 0.577371
39 0.72141
39 0.85049
39 1.52632
39 0.795457
39 1.74656
39 0.986456
39 1.03206
39 0.706859
39 1.40185
39 0.560822
39 0.989269
39 1.25464
39 1.08436
39 2.11904
39 0.708319
39 0.963527
39 0.895511
39 0.912468
39 1.63409
39 1.39754
39 0.975804
39 0.854679
39 0.842018
39 0.603571
39 0.757143
39 0.91331
39 0.637949
39 0.634653
39 0.738475
39 0.675025
39 1.3424
39 1.0315
39 1.36915
39 1.04025
39 0.712058
39 0.733936
39 0.738121
39 1.56731
39 0.765132
39 0.94739
39 0.986009
39 1.05209
39 0.654967
39 0.757143
39 0.745415
39 1.06923
39 0.757
39 0.977938
39 1.17561
39 0.916831
39 0.922002
39 0.757446
39 1.24503
39 0.92203
39 1.69067
39 0.890263
39 1.40462
39 0.853108
39 1.27839
39 1.1341
39 0.545874
39 0.987959
39 0.708368
39 1.45817
39 0.863476
39 1.59855
39 1.33769
39 0.964124
39 0.62413
39 0.847964
39 0.875232
39 0.782455
39 1.19302
39 1.00855
39 0.673384
39 0.670484
39 0.863275
39 1.39618
39 1.31087
39 1.06715
39 0.664098
39 1.47666
39 0.938319
39 0.826381
39 1.66711
39 0.50147
39 1.00673
39 0.67187
39 2.41111
39 0.559671
39 0.839389
39 0.999869
39 1.12378
39 1.16289
39 0.842007
39 1.14557
39 0.887095
39 0.988922
39 0.671105
39 1.22743
39 1.34479
