38 0.879287
39 0.722711
39 0.772592
39 1.34569
39 0.627458
39 1.22428
39 0.905792
39 1.33217
39 1.08829
39 0.637544
39 1.74162
39 0.854344
39 1.25496
39 0.938234
39 1.19426
39 0.628162
39 1.36094
39 0.970373
39 0.922929
39 0.869888
39 0.821106
39 0.883385
39 0.633106
39 0.675027
39 0.559301
39 1.40636
39 1.55743
39 0.763153
39 1.23661
39 0.715687
39 1.15707
39 0.593404
39 1.14197
39 0.752282
39 0.998522
39 0.9914
39 1.11567
39 0.829528
39 0.961973
39 0.649402
39 0.888638
39 0.784874
39 0.808453
39 0.976937
39 1.0685
39 0.597987
39 0.567292
39 0.610752
39 0.965741
39 1.20595
39 0.99825
39 1.84953
39 0.926169
39 0.531873
39 1.0481
39 1.02371
39 1.33634
39 0.974847
39 0.950169
39 1.10373
39 1.04583
39 0.733273
39 0.826931
39 0.945713
39 0.926424
39 1.25096
39 0.844478
39 1.01474
39 0.863622
39 0.77305
39 0.844853
39 0.598381
39 1.03347
39 1.11257
39 1.41953
39 0.649476
39 1.06783
39 1.07086
39 1.13005
39 1.15661
39 1.63224
39 0.854163
39 0.920943
39 1.01897
39 1.25922
39 1.08984
39 1.15228
39 0.762591
39 1.10096
39 0.817017
39 1.46698
39 0.817626
39 0.785839
39 1.36551
39 1.08824
39 0.949352
39 1.26604
39 0.792821
39 0.578661
39 0.844751
39 0.981407
39 0.865756
39 0.787924
39 0.710621
39 0.64196
39 0.902747
39 1.08739
39 0.923503
39 0.822147
39 1.31571
39 0.804121
39 0.694224
39 0.975753
39 0.992836
39 0.651248
39 0.818341
39 1.06058
39 0.967402
39 0.720268
39 0.418831
39 0.914739
39 0.631349
39 1.02033
39 1.11296
39 1.24292
39 1.42944
39 0.897715
39 1.79817
39 0.95767
39 0.900856
39 0.918697
39 1.15475
39 0.641582
39 0.996796
39 0.634683
39 0.699975
39 0.960777
39 0.7116
39 0.906096
39 1.75606
39 0.713888
39 1.12268
39 0.809524
39 0.756346
39 1.13731
39 0.698752
39 0.646243
39 1.11646
39 0.595942
39 0.566171
39 1.12813
39 1.31894
39 1.35104
39 0.863032
39 0.715977
39 0.851155
39 1.02599
39 0.946918
39 0.923684
39 0.855677
39 0.852677
39 0.724024
39 1.33635
39 1.28292
39 0.934098
39 1.23869
39 0.865122
39 0.896212
39 1.03298
39 1.2831
39 0.848133
39 0.836823
39 0.598881
39 0.735014
39 0.634117
39 1.00027
39 0.667204
39 0.944569
39 1.08411
39 0.835858
39 0.701853
39 1.77651
39 1.27339
39 1.34895
39 1.44642
39 0.689024
39 0.696028
39 0.795423
39 0.639411
39 0.702506
39 0.723202
39 1.0196
39 1.658
39 1.49359
39 0.65303
39 0.735544
39 0.969258
39 1.15155
39 0.91191
39 1.07476
39 0.70447
39 1.30213
39 1.21783
39 0.890824
39 1.49172
39 1.24061
39 1.28459
39 0.370612
39 0.968324
39 0.804641
39 1.44538
39 0.96781
39 0.898383
39 1.1297
39 0.786559
39 1.16609
39 0.68995
39 0.727642
39 1.07975
39 1.16934
39 1.42336
39 0.980525
39 0.581362
39 0.488635
39 0.907635
