38 0.94353
39 1.13601
39 1.18131
39 1.37861
39 0.897896
39 1.29907
39 0.955316
39 1.02955
39 1.43468
39 0.920187
39 1.73867
39 0.716834
39 0.81257
39 1.60373
39 1.77511
39 1.46326
39 0.773005
39 1.42874
39 1.12633
39 0.904388
39 0.65182
39 0.848734
39 1.37332
39 1.46292
39 0.619929
39 0.874001
39 1.60874
39 0.991097
39 0.566106
39 1.29485
39 1.94016
39 1.68374
39 0.819438
39 1.51507
39 0.755526
39 0.589806
39 0.809807
39 0.866279
39 1.23022
39 1.19727
39 1.49907
39 1.05176
39 1.11987
39 1.05005
39 1.79673
39 1.04415
39 1.32371
39 1.59215
39 1.11277
39 0.961998
39 1.31324
39 0.974602
39 0.763617
39 1.17642
39 1.38256
39 0.929233
39 1.19293
39 0.637058
39 1.88606
39 1.59947
39 1.18115
39 0.771999
39 1.82174
39 1.30203
39 1.28844
39 0.65482
39 1.10044
39 1.19315
39 1.89384
39 1.56905
39 1.7581
39 1.26848
39 1.14305
39 1.33826
39 0.917556
39 1.14838
39 1.00085
39 1.12814
39 0.804309
39 0.883225
39 1.41028
39 0.849592
39 1.47056
39 0.920512
39 1.51323
39 1.14622
39 1.67183
39 0.571515
39 0.75407
39 1.63031
39 0.78993
39 1.31239
39 0.702646
39 0.989887
39 1.14293
39 1.2291
39 0.74525
39 1.22137
39 1.56002
39 1.41532
39 1.1166
39 1.51094
39 0.901636
39 1.42813
39 1.46795
39 0.85467
39 1.36094
39 1.04314
39 1.20481
39 0.85583
39 2.24555
39 0.997047
39 1.11318
39 1.36834
39 1.04826
39 1.12384
39 0.939535
39 0.929259
39 1.76423
39 0.878569
39 0.951295
39 1.33863
39 1.23409
39 0.870362
39 1.58131
39 1.39658
39 0.942668
39 1.05136
39 1.32267
39 0.939983
39 1.21589
39 1.09768
39 0.756416
39 1.30551
39 1.14737
39 1.94801
39 1.02735
39 0.969717
39 0.807721
39 1.3922
39 1.16223
39 1.42597
39 1.55992
39 1.08486
39 1.89507
39 0.74063
39 1.09099
39 1.21398
39 1.07066
39 1.04104
39 1.2462
39 0.77922
39 0.947641
39 0.544341
39 1.05091
39 1.09711
39 1.32299
39 0.969705
39 0.850081
39 0.864686
39 0.880734
39 1.16058
39 1.09427
39 0.950656
39 0.814728
39 0.747222
39 0.699573
39 1.63776
39 0.698502
39 1.06591
39 1.03296
39 0.912785
39 1.19253
39 0.813434
39 1.1812
39 0.800768
39 1.11863
39 1.35948
39 1.37197
39 1.32842
39 0.895481
39 0.927351
39 1.36321
39 1.47001
39 0.74378
39 0.990438
39 0.751481
39 0.842878
39 1.29435
39 1.0353
39 0.955266
39 0.583816
39 0.622459
39 1.42225
39 0.896751
39 1.08542
39 0.927649
39 0.837495
39 1.18078
39 1.41726
39 1.71015
39 1.25976
39 1.39817
39 1.03494
39 1.11911
39 1.5153
39 1.30999
39 1.20327
39 1.27462
39 0.759148
39 0.928484
39 0.842062
39 1.05552
39 1.36032
39 0.59604
39 0.88278
39 0.75088
39 1.05097
39 1.40045
39 0.844622
39 1.02885
39 0.995724
39 0.642224
39 0.601497
39 0.592633
