0.00000000
0.00000000
0.00000000
0.00000000
0.00000000
0.00000000
0.00000000
0.00000000
0.00000001
0.00000002
0.00000003
0.00000005
0.00000011
0.00000020
0.00000041
0.00000073
0.00000122
0.00000210
0.00000356
0.00000585
0.00000944
0.00001484
0.00002283
0.00003507
0.00005191
0.00007501
0.00011128
0.00015849
0.00022101
0.00030535
0.00040697
0.00054740
0.00071298
0.00093786
0.00124818
0.00152493
0.00194063
0.00239777
0.00294894
0.00361425
0.00435706
0.00526717
0.00621417
0.00754366
0.00861118
0.01035870
0.01215811
0.01433706
0.01634461
0.01843104
0.02198593
0.02474169
0.02844182
0.03364459
0.03813943
0.04357132
0.04865870
0.05525876
0.06279132
0.07315417
0.08006769
0.08512506
0.10212656
0.10882717
0.11940304
0.13410610
0.14631707
0.16215884
0.17481180
0.19466927
0.21011389
0.21792500
0.24353477
0.25000404
0.26918616
0.28933573
0.29443088
0.31996012
0.34149587
0.36033391
0.37239145
0.39587618
0.39150692
0.42366796
0.44167090
0.45476345
0.44971388
0.45844035
0.49030408
0.47563462
0.49081798
0.51185390
0.52556251
0.53593938
0.54902350
0.54763715
0.56580220
0.56782354
0.54432413
0.59333508
0.58197819
0.61285815
0.61780594
0.59909380
0.62869628
0.60066236
0.61601998
0.60763731
0.62148710
0.59169627
0.58648267
0.61308238
0.60953074
0.59314313
0.58582161
0.62447838
0.57653602
0.57565579
0.54774781
0.57357044
0.55624048
0.55122577
0.56452977
0.57137442
0.52205271
0.55991817
0.54200369
0.50912393
0.53484813
0.50936567
0.50627253
0.49649707
0.51721120
0.48084550
0.48642287
0.50808911
0.45635734
0.43889444
0.41028668
0.41641247
0.43199942
0.43826520
0.40728329
0.35031747
0.33871218
0.37278542
0.36429920
0.36610568
0.33479291
0.33824214
0.32266213
0.33855577
0.31424743
0.31292151
0.28974171
0.29180116
0.29379883
0.28720299
0.27882413
0.27005757
0.29369844
0.26800214
0.22140686
0.26070171
0.21235746
0.20428638
0.22528205
0.21866194
0.18319711
0.18243615
0.17294394
0.18943123
0.18676043
0.16411600
0.16821261
0.15939641
0.15216807
0.15612080
0.15241696
0.16029909
0.14061743
0.14044163
0.13006158
0.10291184
0.10838788
0.10764310
0.08334443
0.07139699
0.10074803
0.09532777
0.06955767
0.07720679
0.09651185
0.10463110
0.05175480
0.04045945
0.07222699
0.06331745
0.05665196
0.04733076
0.04786441
0.05094778
0.04636299
0.04947937
0.02896033
0.03992191
0.02959318
0.02447318
0.03023152
0.00833257
0.01122742
0.00283631
0.00859769
0.02895607
0.01462724
0.00591083
0.00895654
0.00301574
0.00913831
0.01230637
0.00000000
0.00313797
0.00000000
0.00319988
0.00323104
0.00000000
0.00329375
0.00332532
0.00000000
0.00000000
0.00000000
0.01035889
