0.01658611
0.03680176
0.05701741
0.07723307
0.09744872
0.11766438
0.13788003
0.15809568
0.17831134
0.19852699
0.21874265
0.23895830
0.25917395
0.27938961
0.29960526
0.31982092
0.34003657
0.36025222
0.38046788
0.40068353
0.42089919
0.44111484
0.46133049
0.48154615
0.50176180
0.52197746
0.54219311
0.56240876
0.58262442
0.60284007
0.62305573
0.64327138
0.66348703
0.68370269
0.70391834
0.72413400
0.74434965
0.76456530
0.78478096
0.80499661
0.82521227
0.84542792
0.86564357
0.88585923
0.90607488
0.92629054
0.94650619
0.96672184
0.98693750
1.00715315
1.02736881
1.04758446
1.06780011
1.08801577
1.10823142
1.12844708
1.14866273
1.16887838
1.18909404
1.20930969
1.22952534
1.24974100
1.26995665
1.29017231
1.31038796
1.33060361
1.35081927
1.37103492
1.39125058
1.41146623
1.43168188
1.45189754
1.47211319
1.49232885
1.51254450
1.53276015
1.55297581
1.57319146
1.59340712
1.61362277
1.63383842
1.65405408
1.67426973
1.69448539
1.71470104
1.73491669
1.75513235
1.77534800
1.79556366
1.81577931
1.83599496
1.85621062
1.87642627
1.89664193
1.91685758
1.93707323
1.95728889
1.97750454
1.99772020
2.01793585
2.03815150
2.05836716
2.07858281
2.09879847
2.11901412
2.13922977
2.15944543
2.17966108
2.19987674
2.22009239
2.24030804
2.26052370
2.28073935
2.30095501
2.32117066
2.34138631
2.36160197
2.38181762
2.40203327
2.42224893
2.44246458
2.46268024
2.48289589
2.50311154
2.52332720
2.54354285
2.56375851
2.58397416
2.60418981
2.62440547
2.64462112
2.66483678
2.68505243
2.70526808
2.72548374
2.74569939
2.76591505
2.78613070
2.80634635
2.82656201
2.84677766
2.86699332
2.88720897
2.90742462
2.92764028
2.94785593
2.96807159
2.98828724
3.00850289
3.02871855
3.04893420
3.06914986
3.08936551
3.10958116
3.12979682
3.15001247
3.17022813
3.19044378
3.21065943
3.23087509
3.25109074
3.27130640
3.29152205
3.31173770
3.33195336
3.35216901
3.37238467
3.39260032
3.41281597
3.43303163
3.45324728
3.47346294
3.49367859
3.51389424
3.53410990
3.55432555
3.57454120
3.59475686
3.61497251
3.63518817
3.65540382
3.67561947
3.69583513
3.71605078
3.73626644
3.75648209
3.77669774
3.79691340
3.81712905
3.83734471
3.85756036
3.87777601
3.89799167
3.91820732
3.93842298
3.95863863
3.97885428
3.99906994
4.01928559
4.03950125
4.05971690
4.07993255
4.10014821
4.12036386
4.14057952
4.16079517
4.18101082
4.20122648
4.22144213
4.24165779
4.26187344
4.28208909
4.30230475
4.32252040
4.34273606
4.36295171
4.38316736
4.40338302
4.42359867
4.44381433
4.46402998
4.48424563
4.50446129
4.52467694
4.54489260
4.56510825
4.58532390
4.60553956
4.62575521
4.64597087
4.66618652
4.68640217
