
% frame   1000
% time 100.000
% report fiber:position
% fiber class 1 is actin
%    class  identity    length      posX      posY      dirX      dirY  endToEnd   cosinus organizer
         1         1     0.250    -2.270    -0.977    -0.975     0.223     0.250     1.000         0
         1         2     0.250     0.938     1.232    -0.853    -0.521     0.250     1.000         0
         1         3     0.250     0.772     1.149     0.975     0.222     0.250     1.000         0
         1         4     0.250    -1.351    -1.521    -0.231    -0.973     0.250     1.000         0
         1         5     0.250    -2.429     1.042    -0.156    -0.988     0.250     1.000         0
         1         6     0.250     2.320    -2.110     0.129    -0.992     0.250     1.000         0
         1         7     0.250    -2.094    -1.361     0.945     0.327     0.250     1.000         0
         1         8     0.250    -2.108    -1.420     0.731     0.682     0.250     1.000         0
         1         9     0.250     2.379     2.062    -0.993     0.116     0.250     1.000         0
         1        10     0.250    -1.157    -1.829     0.884     0.468     0.250     1.000         0
         1        11     0.250     1.110     2.399     0.697     0.717     0.250     1.000         0
         1        12     0.250    -1.583     2.260    -0.675    -0.738     0.250     1.000         0
         1        13     0.250     0.012     1.597    -0.031    -1.000     0.250     1.000         0
         1        14     0.250     0.200    -1.996     0.889     0.457     0.250     1.000         0
         1        15     0.250     0.748     1.202     0.917    -0.398     0.250     1.000         0
         1        16     0.250    -1.791    -0.774     0.969     0.246     0.250     1.000         0
         1        17     0.250     1.009     1.335    -0.461    -0.887     0.250     1.000         0
         1        18     0.250    -2.353    -1.547     0.734     0.680     0.250     1.000         0
         1        19     0.250     1.798    -0.695    -0.946    -0.325     0.250     1.000         0
         1        20     0.250     1.070    -2.515     0.995     0.103     0.250     1.000         0
         1        21     0.250     0.952     1.209    -0.964    -0.267     0.250     1.000         0
         1        22     0.250    -1.428    -1.807    -0.524     0.852     0.250     1.000         0
         1        23     0.250    -0.636    -1.527     0.902    -0.431     0.250     1.000         0
         1        24     0.250     0.820     1.148     0.770     0.638     0.250     1.000         0
         1        25     0.250     1.280    -1.899     1.000     0.012     0.250     1.000         0
         1        26     0.250     1.641     1.129    -0.978     0.207     0.250     1.000         0
         1        27     0.250     0.797     1.107     0.658     0.753     0.250     1.000         0
         1        28     0.250     0.791     1.226     0.658    -0.753     0.250     1.000         0
         1        29     0.250     0.233    -1.080    -0.524    -0.852     0.250     1.000         0
         1        30     0.250    -1.945    -1.021     0.988    -0.151     0.250     1.000         0
         1        31     0.250    -1.539     0.139     0.083    -0.997     0.250     1.000         0
         1        32     0.250     0.809     1.153     0.808     0.590     0.250     1.000         0
         1        33     0.250     0.912     1.299    -0.115    -0.993     0.250     1.000         0
         1        34     0.250     0.513     0.902     0.201     0.980     0.250     1.000         0
         1        35     0.250     0.932     1.228    -0.810    -0.587     0.250     1.000         0
         1        36     0.250    -1.058     2.365    -0.792    -0.611     0.250     1.000         0
         1        37     0.250     0.429     2.434    -0.315    -0.949     0.250     1.000         0
         1        38     0.250     0.190    -0.027     0.888    -0.459     0.250     1.000         0
         1        39     0.250    -2.654    -0.079    -0.833     0.554     0.250     1.000         0
         1        40     0.250    -2.067     0.551     0.934    -0.357     0.250     1.000         0
         1        41     0.250    -0.059    -1.856    -0.243    -0.970     0.250     1.000         0
         1        42     0.250     0.924     1.304    -0.520    -0.854     0.250     1.000         0
         1        43     0.250     0.987     1.291    -0.426    -0.905     0.250     1.000         0
         1        44     0.250     2.079     0.522    -0.988     0.153     0.250     1.000         0
         1        45     0.250    -0.245     1.201    -0.340    -0.940     0.250     1.000         0
         1        46     0.250     1.015     1.220    -1.000    -0.016     0.250     1.000         0
         1        47     0.250     0.806     1.048    -0.284     0.959     0.250     1.000         0
         1        48     0.250    -1.165     2.232     0.042    -0.999     0.250     1.000         0
         1        49     0.250     0.925     1.309    -0.325    -0.946     0.250     1.000         0
         1        50     0.250     0.958     1.257    -0.748    -0.663     0.250     1.000         0
         1        51     0.250     1.538    -2.398    -0.904    -0.428     0.250     1.000         0
         1        52     0.250     2.296    -1.975    -0.374     0.928     0.250     1.000         0
         1        53     0.250    -2.195     2.182     0.180    -0.984     0.250     1.000         0
         1        54     0.250    -0.712     1.507    -0.367     0.930     0.250     1.000         0
         1        55     0.250     0.729     1.207     0.670    -0.742     0.250     1.000         0
         1        56     0.250    -2.136     1.356     0.204    -0.979     0.250     1.000         0
         1        57     0.250     0.710     1.039     0.557     0.831     0.250     1.000         0
         1        58     0.250    -1.022     0.393    -0.951    -0.309     0.250     1.000         0
         1        59     0.250    -2.131    -1.320     0.220    -0.975     0.250     1.000         0
         1        60     0.250     0.450     0.097     0.990    -0.138     0.250     1.000         0
         1        61     0.250    -1.161     2.549    -0.960     0.281     0.250     1.000         0
         1        62     0.250     0.949     1.319    -0.424    -0.906     0.250     1.000         0
         1        63     0.250     2.417     0.519    -0.683     0.731     0.250     1.000         0
         1        64     0.250     1.565     0.316    -0.011     1.000     0.250     1.000         0
         1        65     0.250     0.769     0.676    -0.912    -0.410     0.250     1.000         0
         1        66     0.250    -2.478     2.406     0.010    -1.000     0.250     1.000         0
         1        67     0.250     0.218     1.593     0.419    -0.908     0.250     1.000         0
         1        68     0.250     1.223     2.314     0.304    -0.953     0.250     1.000         0
         1        69     0.250     0.837     1.097     0.371     0.929     0.250     1.000         0
         1        70     0.250     0.944     1.266    -0.681    -0.733     0.250     1.000         0
         1        71     0.250    -0.308     0.264     0.095     0.995     0.250     1.000         0
         1        72     0.250    -0.983     1.541     0.348    -0.938     0.250     1.000         0
         1        73     0.250    -2.136    -2.226     0.983     0.183     0.250     1.000         0
         1        74     0.250    -1.768    -1.054    -0.915     0.404     0.250     1.000         0
         1        75     0.250    -0.327     1.096    -0.452     0.892     0.250     1.000         0
         1        76     0.250    -1.745     0.843    -0.965    -0.261     0.250     1.000         0
         1        77     0.250     0.695     0.720    -0.523     0.852     0.250     1.000         0
         1        78     0.250    -0.160     0.305     0.948     0.317     0.250     1.000         0
         1        79     0.250    -0.092    -2.071    -0.450     0.893     0.250     1.000         0
         1        80     0.250    -0.339    -2.176    -0.976     0.216     0.250     1.000         0
         1        81     0.250    -0.565     0.239    -0.936    -0.353     0.250     1.000         0
         1        82     0.250     1.957     0.208     0.415     0.910     0.250     1.000         0
         1        83     0.250     0.793     1.117     0.786     0.618     0.250     1.000         0
         1        84     0.250     1.000     1.218    -1.000    -0.017     0.250     1.000         0
         1        85     0.250     0.859     1.268    -0.819    -0.574     0.250     1.000         0
         1        86     0.250     1.372     1.051     0.873    -0.488     0.250     1.000         0
         1        87     0.250    -1.328    -1.717     0.328     0.945     0.250     1.000         0
         1        88     0.250     1.410     0.923    -0.940    -0.341     0.250     1.000         0
         1        89     0.250     0.972     1.231    -0.953    -0.302     0.250     1.000         0
         1        90     0.250     2.136     2.205     0.032    -0.999     0.250     1.000         0
         1        91     0.250     0.989    -2.234    -0.950    -0.312     0.250     1.000         0
         1        92     0.250     1.708    -0.840     0.275     0.961     0.250     1.000         0
         1        93     0.250     0.831     1.161     0.820     0.573     0.250     1.000         0
         1        94     0.250     0.745     1.135     0.980     0.197     0.250     1.000         0
         1        95     0.250    -2.006     2.305     0.656    -0.755     0.250     1.000         0
         1        96     0.250     0.505     1.453     0.206     0.979     0.250     1.000         0
         1        97     0.250     2.010    -1.685    -0.975     0.221     0.250     1.000         0
         1        98     0.250    -0.304    -0.748     0.906    -0.423     0.250     1.000         0
         1        99     0.250     0.759     1.200     0.623    -0.782     0.250     1.000         0
         1       100     0.250    -2.195    -1.387    -0.278     0.961     0.250     1.000         0
         1       101     0.250     2.246     1.662     0.536    -0.844     0.250     1.000         0
         1       102     0.250    -2.403    -1.643    -0.411    -0.912     0.250     1.000         0
         1       103     0.250     2.226    -1.862    -0.745     0.667     0.250     1.000         0
         1       104     0.250     1.011     1.366    -0.880    -0.474     0.250     1.000         0
         1       105     0.250     0.013     1.251     0.996    -0.094     0.250     1.000         0
         1       106     0.250     1.767    -0.105    -0.994    -0.107     0.250     1.000         0
         1       107     0.250     0.797     2.101     0.627     0.779     0.250     1.000         0
         1       108     0.250     0.939     1.141    -0.444     0.896     0.250     1.000         0
         1       109     0.250    -2.182    -1.353    -0.534    -0.846     0.250     1.000         0
         1       110     0.250    -0.863    -0.722    -0.516     0.856     0.250     1.000         0
         1       111     0.250     0.940     0.355     0.622     0.783     0.250     1.000         0
         1       112     0.250     1.692     0.736    -0.856    -0.517     0.250     1.000         0
         1       113     0.250     1.011     1.240    -0.971    -0.241     0.250     1.000         0
         1       114     0.250    -0.473     1.944     0.544     0.839     0.250     1.000         0
         1       115     0.250     1.923     0.342     0.606    -0.796     0.250     1.000         0
         1       116     0.250     0.914     1.345     0.582    -0.813     0.250     1.000         0
         1       117     0.250    -2.225    -1.394     0.024    -1.000     0.250     1.000         0
         1       118     0.250    -2.282     2.006     0.222     0.975     0.250     1.000         0
         1       119     0.250    -0.069    -1.762    -0.860    -0.510     0.250     1.000         0
         1       120     0.250     0.733     1.166     0.997     0.076     0.250     1.000         0
         1       121     0.250    -2.283     1.976    -0.958     0.286     0.250     1.000         0
         1       122     0.250     0.758     1.158     0.965     0.262     0.250     1.000         0
         1       123     0.250     0.788     1.092     0.668     0.744     0.250     1.000         0
         1       124     0.250    -0.847     0.100    -0.980    -0.199     0.250     1.000         0
         1       125     0.250    -0.016    -1.740    -0.585    -0.811     0.250     1.000         0
         1       126     0.250    -0.353    -0.189    -0.961    -0.277     0.250     1.000         0
         1       127     0.250    -0.509    -0.981     0.693    -0.721     0.250     1.000         0
         1       128     0.250     2.007     0.543    -0.908     0.419     0.250     1.000         0
         1       129     0.250     2.002    -0.811     0.423    -0.906     0.250     1.000         0
         1       130     0.250     1.260    -1.655    -0.401    -0.916     0.250     1.000         0
         1       131     0.250     2.426     1.320     0.201     0.980     0.250     1.000         0
         1       132     0.250    -2.073     2.492     0.962     0.274     0.250     1.000         0
         1       133     0.250     0.789     1.103     0.693     0.721     0.250     1.000         0
         1       134     0.250     0.868     1.174    -0.912    -0.410     0.250     1.000         0
         1       135     0.250    -1.090     2.291     0.432    -0.902     0.250     1.000         0
         1       136     0.250     1.006     0.087    -0.839     0.545     0.250     1.000         0
         1       137     0.250     0.949     1.303    -0.584    -0.812     0.250     1.000         0
         1       138     0.250     0.810     1.145     0.814     0.581     0.250     1.000         0
         1       139     0.250     1.898     0.484     0.324     0.946     0.250     1.000         0
         1       140     0.250     0.808     1.231    -0.117     0.993     0.250     1.000         0
         1       141     0.250    -2.009     1.949    -0.714     0.700     0.250     1.000         0
         1       142     0.250     0.997     1.275    -0.815    -0.580     0.250     1.000         0
         1       143     0.250    -1.181     1.505     0.098     0.995     0.250     1.000         0
         1       144     0.250     0.779     1.110     0.801     0.598     0.250     1.000         0
         1       145     0.250     0.948     1.340    -0.371    -0.929     0.250     1.000         0
         1       146     0.250     0.832     1.277     0.517    -0.856     0.250     1.000         0
         1       147     0.250     0.851     0.252    -0.035     0.999     0.250     1.000         0
         1       148     0.250     0.947     1.262    -0.604    -0.797     0.250     1.000         0
         1       149     0.250     0.926     1.213    -0.911    -0.412     0.250     1.000         0
         1       150     0.250    -0.967     2.366    -0.537    -0.844     0.250     1.000         0
         1       151     0.250     0.852     1.209    -0.780     0.626     0.250     1.000         0
         1       152     0.250     1.930    -2.497     0.899     0.438     0.250     1.000         0
         1       153     0.250    -0.109    -2.478     0.879    -0.476     0.250     1.000         0
         1       154     0.250    -0.986     0.174    -0.971    -0.239     0.250     1.000         0
         1       155     0.250    -0.992     2.306     0.366     0.931     0.250     1.000         0
         1       156     0.250    -1.093     1.879     0.920     0.392     0.250     1.000         0
         1       157     0.250    -2.258    -1.917    -0.942     0.335     0.250     1.000         0
         1       158     0.250     0.337    -1.002     0.812     0.583     0.250     1.000         0
         1       159     0.250     0.815     1.263     0.663    -0.749     0.250     1.000         0
         1       160     0.250    -0.315     0.288     0.705     0.710     0.250     1.000         0
         1       161     0.250     1.650     0.280    -0.350     0.937     0.250     1.000         0
         1       162     0.250    -2.422    -0.046    -0.464    -0.886     0.250     1.000         0
         1       163     0.250     2.596     1.633     0.339    -0.941     0.250     1.000         0
         1       164     0.250    -1.031     0.113     0.556     0.831     0.250     1.000         0
         1       165     0.250    -1.217    -0.175     0.992     0.124     0.250     1.000         0
         1       166     0.250     0.833     1.171     0.904     0.428     0.250     1.000         0
         1       167     0.250    -0.540     2.295     0.676    -0.737     0.250     1.000         0
         1       168     0.250    -1.890    -2.207    -0.926     0.377     0.250     1.000         0
         1       169     0.250     2.130    -0.554     0.878    -0.478     0.250     1.000         0
         1       170     0.250     0.817     1.112     0.593     0.805     0.250     1.000         0
         1       171     0.250     1.531    -2.080    -0.777    -0.629     0.250     1.000         0
         1       172     0.250    -1.832    -2.460     0.993     0.120     0.250     1.000         0
         1       173     0.250     1.048     1.225    -0.998     0.060     0.250     1.000         0
         1       174     0.250    -2.399    -1.890     0.999     0.053     0.250     1.000         0
         1       175     0.250     2.078    -1.820     0.612    -0.791     0.250     1.000         0
         1       176     0.250     0.930     1.277    -0.527    -0.850     0.250     1.000         0
         1       177     0.250    -1.669    -2.208    -0.566    -0.824     0.250     1.000         0
         1       178     0.250     0.951     1.303    -0.600    -0.800     0.250     1.000         0
         1       179     0.250     0.787     1.111     0.764     0.646     0.250     1.000         0
         1       180     0.250     1.663    -0.128     0.046     0.999     0.250     1.000         0
         1       181     0.250     0.734     0.750     0.758     0.652     0.250     1.000         0
         1       182     0.250     0.949     1.194    -0.983    -0.184     0.250     1.000         0
         1       183     0.250     0.683     1.205     0.768    -0.641     0.250     1.000         0
         1       184     0.250    -2.239    -1.962    -0.399     0.917     0.250     1.000         0
         1       185     0.250     1.002     1.291    -0.734    -0.679     0.250     1.000         0
         1       186     0.250    -2.516    -0.330    -0.394     0.919     0.250     1.000         0
         1       187     0.250    -1.603     2.195    -0.487     0.873     0.250     1.000         0
         1       188     0.250    -1.987    -2.485    -0.915     0.404     0.250     1.000         0
         1       189     0.250     1.081    -0.208    -0.983     0.184     0.250     1.000         0
         1       190     0.250     0.920     1.298    -0.368    -0.930     0.250     1.000         0
         1       191     0.250     0.998     1.230    -1.000     0.030     0.250     1.000         0
         1       192     0.250    -1.439     1.221    -0.581     0.814     0.250     1.000         0
         1       193     0.250     1.026     1.180    -0.989     0.145     0.250     1.000         0
         1       194     0.250    -1.811    -0.213    -0.694    -0.719     0.250     1.000         0
         1       195     0.250     1.212     2.537     0.983    -0.181     0.250     1.000         0
         1       196     0.250    -2.388     0.519    -0.819     0.574     0.250     1.000         0
         1       197     0.250     0.819     1.762     0.707    -0.707     0.250     1.000         0
         1       198     0.250    -2.226    -1.356    -0.144     0.990     0.250     1.000         0
         1       199     0.250     0.795     1.065    -0.610    -0.793     0.250     1.000         0
         1       200     0.250     2.064     1.611     0.931     0.366     0.250     1.000         0
% end
