0.1930388561922186
0.40263134502917153
0.33218067373042653
0.1626929623554749
0.20436242316042347
0.4878626855991346
0.48612446965772044
0.29905517885500665
0.4384062043356595
0.13336041391657433
0.39096930825833376
0.3114883625434503
0.35986942076258716
0.13320660644277368
0.399021302689468
0.08005623023850177
0.13901438774457833
0.3428002333721493
0.455342728063159
0.453629805017263
0.24008540147205937
0.3268791825736231
0.27189152248645043
0.3604108766394266
0.2252221125911041
0.1391869246732608
0.019646882704388625
0.11920151005754896
0.38137645443839346
0.4129128237291741
0.14787156589419073
0.2664000750750646
0.3328092546790127
0.03827531841800931
0.29954131601500306
0.3096724075535305
0.16024044433288362
0.20041955992367605
0.42095367916197146
0.10220078277586711
0.3101612483854165
0.20708693826506774
0.274089401473315
0.4016167327191435
0.45485492192566196
0.18852055590836767
0.20771133815947548
0.48859492424706996
0.2822516607568502
0.3786092972973591
0.3183111685128249
0.2579379770409933
0.13880922159568512
0.4959606839256516
0.27110514565385885
0.45956718768859034
0.11661903789690609
0.12788275880665068
0.2857761361625564
0.32541972896553145
0.13113733259449825
0.40966327636242916
0.4361765697512878
0.48442130423836655
0.06264982043070849
0.11788977903109327
0.03982461550347972
0.27640007235889064
0.03244996147917605
0.15210851389715155
0.3287704366271393
0.309079277856022
0.26455245226608654
0.19144189719076649
0.1983380951809311
0.2909089204544955
0.36556805112044466
0.04404543109109031
0.43821113632585834
0.38773444520702566
0.49406477308142516
0.22181298429082086
0.28050846689538633
0.4118664832199872
0.15984054554461447
0.022203603311174325
0.23982076640691466
0.30881871704933955
0.17300289014926878
0.28568689154387167
0.28387673381240663
0.3428381542360766
0.4095912596723714
0.15879546593023358
0.4412810895563055
0.0558659108938535
0.3081379561170614
0.1518551941818258
0.28900692033236847
0.21164593074283272
0.2457173172570462
0.31761612049768523
0.09660745312862762
0.1316548517905817
0.4661040656334163
0.4679369615664059
0.3300378766141851
0.030886890422960736
0.27626074639731196
0.2720018382290826
0.14046351839534693
0.37687265753832566
0.10435037134576945
0.2877585793681917
0.22710790386950425
0.3774890726895284
0.3189623802268849
0.1126055060820739
0.34882660448996705
0.15057224179774958
0.08900561780022631
0.3086000648088074
0.3516774089986447
0.38032091712131744
0.2901930391997712
0.28599650347513017
0.2976172038038125
0.11768602295939799
0.49372461960084596
0.039812058474788754
0.23995416228938382
0.29624989451474915
0.31567388235329186
0.1083005078473781
0.28761780195252185
0.13146862743635862
0.44224088458666966
0.1395170240508304
0.3215042767989253
0.49614514005480287
0.13931259813814395
0.4330288673980063
0.024166091947189074
0.02973213749463704
0.12163058825805279
0.1962090721653817
0.21382703290276467
0.26976471229573357
0.3243362452764106
0.3882537829822138
0.1109819805193617
0.011180339887499108
0.19200260414900625
0.40949725273803733
0.23661149591683017
0.3784772119956499
0.23145841959194308
0.34386334494970516
0.3422002337813345
0.3966724089220221
0.35095583767762
0.2172763217656263
0.3833379709864391
0.46716699369711473
0.11456002793295736
0.25039169315294785
0.09323625904121206
0.2306382448771234
0.27029798371427033
0.30194370336206705
0.2593703915253243
0.1550806241927082
0.44405517675171857
0.07323933369440228
0.4074923312161837
0.41436698710201314
0.2716026509443529
0.0890224690738241
0.3202264823527248
0.21366328650472452
0.1991506967098031
0.31840226129850274
0.16302760502442523
0.4803675675979802
0.343956392584874
0.19356910910576616
0.3190062695308668
0.37710741175426393
0.17080105386091737
0.4867381226080408
0.4055132550238031
0.20894257584322057
0.1464411144453632
0.25028184113115376
0.4022461932697437
0.3330540496676178
0.34891976154984394
0.22801973598791855
0.2393846277437213
0.17441616897524143
0.435
0.02404163056034267
0.2982096577912928
0.34477963977010007
0.37302680868806204
0.049578221024962114
0.22939267643061328
0.07424957912338645
0.3836925852814985
0.0822921624457638
0.26286498435508665
0.4392459447735401
0.1979520143873257
0.37430068127108723
0.08156592425762113
0.08683893136145802
0.18034688796871426
0.2540649523251879
0.15542522317822155
0.3268791825736229
0.4881854155953454
0.3826133818882973
0.32962099447699017
0.1690266251216062
0.04841487374764062
0.13370115930686605
0.35092591810808155
0.29832867780352595
0.3656254914526611
0.46395366147924727
0.18070971196922433
0.4118215633013891
0.31440101781005764
0.4136967488390501
0.3651205280451924
0.37403342096662956
0.31941978648793795
0.21972937900972656
0.4962358310319803
0.32748282397707507
0.21659178193089434
0.27917915394957404
0.39234678538252354
0.36316662842282166
0.3614318746319974
0.4163472108709265
0.33201505989939684
0.23547611343828467
0.36389009329741334
0.44940961271428115
0.1332066064427734
0.2308679276123041
0.07433034373659268
0.21140009460735823
0.289249027656101
0.32159912935205504
0.24005207768315634
0.1742010332919984
0.4249529385708494
0.05403702434442541
0.38941237782073657
0.39481641303269055
0.2524202844463972
0.10822661410207716
0.3389173940652793
0.194401646083566
0.21804815981796294
0.2992524018282896
0.18195054273071004
0.46810789354592186
0.3636179313510265
0.19148106956041364
0.299868304427127
0.39642653796132243
0.19006577808748196
0.46865125626632037
0.42514115303037864
0.22703523955544855
0.1658945448168803
0.23100865784641092
0.41584853011643547
0.323130004796831
0.36764248938336797
0.20856893344887234
0.22005681084665407
0.19399226788715032
0.41650090035917103
0.03982461550347972
0.31747283348343347
0.35766045350303954
0.3925620969986785
0.03140063693621526
0.2100595153760003
0.05456189146281531
0.36575401569907623
0.06260990336999417
0.2439385168438966
0.41959146797807984
0.21692625475031818
0.3557316404257571
0.09970456358662803
0.10623088063270486
0.19897989848223338
0.27346846253270213
0.13620939761998813
0.3464476872487386
0.4718188211591396
0.40187187012778075
0.3115156496871386
0.18834542734029922
0.06767569726275414
0.1144027971686008
0.3318870289722093
0.480800374375894
0.2486543786061287
0.3093428518650462
0.44467741116454296
0.12499999999999996
0.4765081321446677
0.022360679774997817
0.34335986952467235
0.18694651641579205
0.324200555212356
0.17658142597679963
0.2111539722572132
0.35282998738769367
0.061400325732034966
0.1668172652934942
0.36521774327105194
0.005385164807134591
0.24906424873915556
0.3072002604165563
0.10547511554864486
0.4120436870041817
0.0693541635375988
0.2531600284405102
0.24797782158894777
0.41265603109611765
0.28373579259585835
0.07738862965578339
0.3139824835878587
0.11706835610018614
0.054230987451824836
0.3438037230746638
0.3260214716855318
0.4071719538475115
0.25534486483969077
0.3212242207555341
0.33283178934711155
0.08321658488546606
0.07479304780526053
0.20472664701987373
0.2728094573140748
0.28060826787534254
0.4903162244919089
0.14328293687665672
0.3228327740487326
0.16668833192518323
0.4766927731778614
0.17473408368146143
0.35658659537340986
0.1042353107157071
0.4679113163837781
0.019104973174542926
0.010049875621120889
0.08711486669908867
0.16103726276859026
0.24900803199896981
0.23479778533878876
0.289110705439975
0.42284985514955536
0.07580237463298888
0.04534313619501874
0.22720035211240314
0.44462680980795566
0.2611972434770321
0.3437920883324687
0.3092005821469293
0.44354932082013143
0.1268266533501535
0.4756574397610112
0.02469817807045692
0.3425463472291012
0.18585209172887987
0.323208910768252
0.17780044994318772
0.21140482492128695
0.3518820825219721
0.06248199740725329
0.16580108564180152
0.4992193906490411
0.36420049423360196
0.003605551275464085
0.24770345173210648
0.3062188759694607
0.10679419459877022
0.41101094875927574
0.07071067811865482
0.2534324367558344
0.24508161905781511
0.41161754092846914
0.28460498941515416
0.07823681997627467
0.3143962467969362
0.11898319209031166
0.054561891462814906
0.34283086208799823
0.3288038929209933
0.40458991584071885
0.25670410982296327
0.320351369592827
0.3318870289722092
0.08338465086573185
0.07424284477308217
0.20564289435815672
0.27572631357924476
0.28119210515233184
0.4926662156064692
0.14212670403551883
0.3218897326725412
0.16589454481688068
0.4752283661567352
0.17394826817189052
0.35546026500862216
0.10547511554864503
0.4666401182924588
0.020615528128088322
0.007280109889280464
0.0887299273075325
0.16175598906995692
0.24800201612083705
0.2352955588191158
0.29004310024546365
0.4214451328464951
0.07655063683601862
0.04420407221060082
0.22622555116520307
0.44354142985745976
0.057697486947006625
0.04882622246293485
0.4117523527558767
0.2560878755427518
0.3931030399271924
0.10744766167767453
0.14870776711389358
0.42161712488939534
0.01104536101718726
0.2358474082961269
0.43416586692184805
0.07424957912338635
0.2126240814207084
0.3760850967533809
0.03623534186398691
0.48101559226287033
0.0014142135623731748
0.18997368238785078
0.30365934861288235
0.4816399069844607
0.21574522010927616
0.01615549442140363
0.24906424873915572
0.05092150822589604
0.027000000000000024
0.41265603109611765
0.27308972884383625
0.4687568666163729
0.18603494295427406
0.3898166235552302
0.4016179776852625
0.03383784863137729
0.1430034964607507
0.13669308687713516
0.22586943130932965
0.2144411341137704
0.42709483724343944
0.2125135289810979
0.39161843674679053
0.23520416662976024
0.24321184181696395
0.42573465914815983
0.0352278299076172
0.08292767933567174
0.07723341245859836
0.018788294228055953
0.09470480452437466
0.3179701243827789
0.16959363195591987
0.2208098729676734
0.4921483516176803
0.017492855684536013
0.1146298390472569
0.2961080883731478
0.31758620876858
0.2816416162430544
0.3690054200143948
0.21574522010927616
0.1490033556669109
0.01004987562112112
0.12880993750483663
0.37185615498469304
0.40311288741492757
0.15754681843820256
0.2568112147083925
0.34233463161065064
0.028600699292150297
0.3083180176376332
0.31927730893378536
0.16980577139779418
0.19080094339389417
0.4113064550915778
0.11183022847155394
0.30064763428305913
0.2166333307688361
0.26456001209555474
0.4064984624817171
0.445048311984216
0.18458873205046944
0.21724870540465815
0.4789404973480527
0.27261878145131546
0.38744806103528245
0.30904530412222747
0.24824383174612824
0.14844864431849822
0.488409664114051
0.27365123789232165
0.45013886746203113
0.12640015822774905
0.13756816492197593
0.2760307953834138
0.33452204710601646
0.12175385004179566
0.4000312487793924
0.4287854941576266
0.47467567875339917
0.052839379254491864
0.12758134659894438
0.03138470965295046
0.2850438562747844
0.02469817807045708
0.16144348856488427
0.33861630202930243
0.2995413160150034
0.27367316273248266
0.18203571078225292
0.18867167248953964
0.2814693589007515
0.35588340787398354
0.05360037313302933
0.4284530312648051
0.3953795644693842
0.48443472212466376
0.23051247254758234
0.2708578963220384
0.42057698462944926
0.15020652449211383
0.03190611226708735
0.24928898892650653
0.09861541461657997
0.4441272340219635
0.24662927644543753
0.3903639327601874
0.325170724389512
0.13413426109685775
0.4720264823079315
0.19123022773609819
0.3883979917558792
0.43962938937245766
0.35341335571820154
0.3482714458579686
0.35294475488382027
0.43433282169322635
0.1471393896956216
0.22053117693423746
0.06226556030423225
0.1997198037251186
0.30237228708993824
0.33169262879961625
0.22864164100180873
0.18701871564097544
0.41261240892634327
0.04365775990588608
0.3748332962798261
0.388785287787488
0.24047037239543656
0.12101652779682612
0.34244561612028274
0.1828496650256706
0.23135470602518554
0.2871410803072245
0.1952434377898526
0.449418513192325
0.3735933618253944
0.17424408167854658
0.2877168747223561
0.4084017629736679
0.20242776489404818
0.45407047911089754
0.4354365625438453
0.24177055238386666
0.1776091213873882
0.21942880394332923
0.4340138246646068
0.3041134656670106
0.3812413933454761
0.19785095400325978
0.2087223035518724
0.20498048687619028
0.40267232335982556
0.05635601121442164
0.32969228077102447
0.37606515392947537
0.4035504925037264
0.01897366596101008
0.19876870981117722
0.04825971404805465
0.35095583767762
0.055731499172370816
0.2312055362658946
0.4101572869034509
0.23005434140654693
0.34206578314704317
0.11447707194019247
0.11844407963254242
0.21284971223847124
0.28520343616443344
0.12467958934805627
0.35726180876214575
0.4551977592211983
0.41405917451494795
0.29699831649354497
0.20052929960482094
0.48641237648727653
0.08061017305526634
0.10335376142163358
0.31940100187695075
0.28363532925219315
0.4857417009069739
0.353882748943771
0.4696136710105445
0.4180155499499989
0.4316132528085762
0.31755314515841276
0.336005952328229
0.24882323042674268
0.11778370006074705
0.04140048308896882
0.09625487000666508
0.40485552978809597
0.4350919443060281
0.12519584657647412
0.28970502239346824
0.3094285054742049
0.06161980201201544
0.2751817581163403
0.2926106628269039
0.13705838172107543
0.22365151463828695
0.4392561894839956
0.07940403012442133
0.3336645021574814
0.18380696395947585
0.2975583976297761
0.3806363093557944
0.47695387617672197
0.18748866632412722
0.18440173534975218
0.30540792393125615
0.3542781393199419
0.3422659784436658
0.28085583490467114
0.11596551211459405
0.254420911090264
0.48324941800275334
0.0948472456110353
0.10530906893520631
0.3084153044192196
0.3012806001056159
0.15493547043850225
0.43280018484284394
0.46024558661653664
0.0852115015710907
0.09538343671728354
0.06420280367709791
0.25200198411917324
0.056859475903318
0.12831601614763452
0.30778239065937474
0.3325206760488736
0.24043294283437963
0.21518828964420886
0.22140009033421826
0.314579083856508
0.3884996782495449
0.021540659228538036
0.4607266000569099
0.36360693062701666
0.1974259354796122
0.3036000658761456
0.38748677396783515
0.18304371062672406
0.008062257748298557
0.21630071659613154
0.15987807854737304
0.29031879029783786
0.4322614949310198
0.25167637950352045
0.4660268232623525
0.35852057123685394
0.397146068846212
0.35234642044442577
0.35948435292791264
0.23293775992741078
0.4533574748473879
0.4179688983644598
0.2333088082349228
0.3390634158973804
0.039293765408776805
0.1316548517905817
0.012083045973594279
0.4951252366825994
0.03785498646149532
0.37997105152892907
0.21920082116634496
0.1518551941818258
0.1877711372921833
0.22073513539987213
0.047413078364518635
0.3139124081650803
0.016124515496597085
0.42393041881893784
0.09374433316206363
0.38782728114458387
0.32654708695684304
0.23083543922023755
0.09430270409696628
0.3956425154100607
0.2662217121122919
0.43225108444051363
0.3710053907964142
0.02844292530665581
0.23078344827998404
0.023345235059857482
0.02137755832643186
0.39839302202724386
0.21194574777522657
0.24506733768497202
0.17541379649275043
0.016401219466856617
0.15344380078712858
0.16571059109181882
0.14567086187704134
0.03818376618407337
0.22240728405337773
0.4227919109916841
0.15109268678529741
0.30536044275577023
0.311623169870278
0.4047974802293117
0.4786282482261156
0.07000714249274873
0.2842903445423358
0.1113642671596234
0.39381467722775404
0.3001083137802084
0.27330568965903357
0.09193475947648982
0.12603570922559984
0.3424762765506539
0.2915836072209821
0.47511893247901643
0.13121356637177423
0.049477267507411916
0.10604244433244629
0.40452688414986704
0.43001511601337916
0.1347145129523914
0.2892144533041182
0.3135474445757771
0.06870953354520751
0.27224437551582215
0.3114113035841826
0.14430869689661813
0.2234860174597058
0.42564304293621424
0.09080198235721507
0.33375739692177603
0.1896233108032871
0.2977129489961765
0.3595803109181591
0.4715135204848318
0.15743570116082295
0.19007893097342488
0.30421702779430343
0.3514327816240257
0.3447027705139603
0.2789587783167971
0.12522779244241292
0.22754340245324628
0.4836610383315984
0.10834205093129835
0.11594826432508604
0.3053686296920493
0.30089200720524295
0.1584455742518548
0.43094547218876766
0.47278747868360466
0.0873670418407308
0.10673331251301077
0.07615773105863904
0.24821966078455593
0.07085901495222752
0.13283448347473623
0.3194056981332673
0.3323431961090824
0.2406698984085879
0.2174120511839212
0.2206173157302029
0.3155724956329369
0.3860388581477258
0.04365775990588608
0.4566015768698132
0.3532930794680248
0.19455847450059835
0.3021737910540886
0.38356746473078257
0.1833712082089223
0.039051248379533235
0.2205538483001373
0.09323625904121206
0.2306382448771234
0.27029798371427033
0.30194370336206705
0.2593703915253243
0.1550806241927082
0.44405517675171857
0.07323933369440228
0.4074923312161837
0.41436698710201314
0.2716026509443529
0.0890224690738241
0.3202264823527248
0.21366328650472452
0.1991506967098031
0.31840226129850274
0.16302760502442523
0.4803675675979802
0.343956392584874
0.19356910910576616
0.3190062695308668
0.37710741175426393
0.17080105386091737
0.4867381226080408
0.4055132550238031
0.20894257584322057
0.1464411144453632
0.25028184113115376
0.4022461932697437
0.3330540496676178
0.34891976154984394
0.22801973598791855
0.2393846277437213
0.17441616897524143
0.435
0.02404163056034267
0.2982096577912928
0.34477963977010007
0.37302680868806204
0.049578221024962114
0.22939267643061328
0.07424957912338645
0.3836925852814985
0.0822921624457638
0.26286498435508665
0.4392459447735401
0.1979520143873257
0.37430068127108723
0.08156592425762113
0.08683893136145802
0.18034688796871426
0.2540649523251879
0.15542522317822155
0.3268791825736229
0.4881854155953454
0.3826133818882973
0.32962099447699017
0.1690266251216062
0.04841487374764062
0.13370115930686605
0.35092591810808155
0.3870012919875072
0.11395174417269797
0.15124152868838642
0.41562122178733846
0.0014142135623730178
0.22961707253599412
0.42801869118065383
0.06747592163134943
0.20906697491473883
0.3699999999999999
0.04327817001676484
0.4748431319920295
0.009055385138137436
0.1928989372702712
0.2939540780462146
0.47545451938119165
0.2210565538499142
0.015524174696260145
0.2527706470300696
0.06044005294504628
0.017000000000000015
0.4066017707782395
0.28308655920053855
0.4594268168054625
0.19305180651835405
0.3839752596196792
0.3956222946195019
0.02941088233970551
0.13729530217745958
0.1420035210831056
0.2357901609482465
0.2186892772862905
0.43649742267280345
0.20601456259206516
0.3856228727656076
0.22939267643061326
0.2374278837878986
0.4193447269252349
0.04172529209005024
0.07782673062643705
0.07003570517957233
0.028160255680657473
0.09883825170448948
0.3118092365533771
0.1733262819078515
0.22635591443565167
0.4851494615064515
0.015033296378373032
0.10807404868885047
0.2899999999999998
0.24707286374670925
0.07060453243241518
0.2478245347014698
0.26100000000000007
0.43847462868448833
0.2506970283030894
0.2835348303119037
0.27864852413031005
0.13560235986147148
0.46353532767201244
0.09261749294814667
0.427326573009449
0.4313351365237938
0.2910154635066665
0.06963476143421464
0.3062760193028505
0.23300214591286483
0.17951323071016242
0.337843158877015
0.14340153416194687
0.4983623179976593
0.3255764119219941
0.20536065835500242
0.3384567919247596
0.3578435412299627
0.15147607071745695
0.3869431482789171
0.18909521411183308
0.12742448744256338
0.26960897611170154
0.3839427040588218
0.34984139263386205
0.3292066220476131
0.2471214276423638
0.25865227623201
0.1557080601638849
0.454762575417107
0.009999999999999877
0.27887810957477466
0.32693883219954156
0.35415392133929574
0.06931089380465373
0.24865437860612874
0.09278469701410905
0.40353686324795657
0.10084641788382948
0.28245353600194123
0.45778269954204226
0.17836199146679213
0.3940418759472145
0.06171709649683786
0.06774215821775999
0.16058953888718902
0.2349319050278187
0.1748056063174175
0.3081038785864274
0.36327537764070944
0.349450997995427
0.1497731618147925
0.029154759474226376
0.15300326793895597
0.37044972668366205
0.3584075892053626
0.4226925596695546
0.17362315513778676
0.44972213643537723
0.2178921751692795
0.4823712263392169
0.34283815423607683
0.3851869675884686
0.28219319623265177
0.27969268849936013
0.13462912017836248
0.4644911193984231
0.09360021367496996
0.4279684567815718
0.43291685113887635
0.2920017123237466
0.06860029154456972
0.3043221976787101
0.23401922997907681
0.17864489917151272
0.3388170597830046
0.14252368224263634
0.4979738948981162
0.3242298567374693
0.2040245083317198
0.3394259860411399
0.35677583998920087
0.15042606157179003
0.385647507446891
0.18852055590836758
0.1262457920090802
0.2706325922722541
0.38429806140546685
0.34919335617963876
0.3284021924409152
0.24822973230457335
0.25969982672308445
0.1544344521148048
0.45551728836565586
0.012041594578792307
0.2778380823429357
0.327426327591414
0.3529447548838202
0.07009279563550029
0.24970382456021795
0.09402127418834555
0.4041447760394783
0.10208329931972221
0.283346078144731
0.4590642656535139
0.1774598546150649
0.39481894584733407
0.0612209114600557
0.06657326790837295
0.15983116091676222
0.23380761322078444
0.17580102388780336
0.30686316168611677
0.3622402517666969
0.3501042701824701
0.14869095466772672
0.02801785145224349
0.15402921800749364
0.3713812057711053
0.4938218302181466
0.3224484454916786
0.13582341477079718
0.4997689466143329
0.149164338901763
0.45173886261865925
0.4927413114403945
0.332231846757652
0.09198369420718
0.23847222060441334
0.27765085989422034
0.17685304634074023
0.3772240713422196
0.14601369798755187
0.4798676900980102
0.2903308457604875
0.15692354826475222
0.3776413642597961
0.33472376670920756
0.14516542288024378
0.3523024269005253
0.19743606560099394
0.12060265337047935
0.31296804948748375
0.4179186523714873
0.32400771595750616
0.31884949427590437
0.29445712760943665
0.30331007236819557
0.13819189556555042
0.48315732427440233
0.10043903623591767
0.26027869678481175
0.3670217977177922
0.32456278283253615
0.1260158720161868
0.2937839342101607
0.15602884348735024
0.4270948372434394
0.16300306745579957
0.3204496840379155
0.1743932338137005
0.42446319039464425
0.10346496991735897
0.08688498144098315
0.1651696097955069
0.21523243250030888
0.22217335573826116
0.278689791703966
0.3414747428434496
0.37612763791032416
0.1423376267892647
0.08261961026293944
0.20317972339778378
0.4074125673073916
0.16445364088398892
0.43466998976234833
0.06382005954243546
0.39837796123781744
0.4052567087661843
0.2622003051104251
0.0984073168011402
0.3286609194899813
0.2042473990042468
0.20847062143141412
0.30900647242412255
0.17235138525698018
0.47345960756964267
0.3533624201864142
0.1910183237283795
0.30961266123981435
0.3865242553837986
0.18020543831971333
0.47762432936357013
0.4149337296484825
0.21801376103356407
0.1558717421471896
0.2408651074771937
0.4095912596723715
0.32709937327974203
0.3581982691192127
0.21858636736997133
0.2299608662359751
0.18384776310850226
0.4257628447856858
0.031764760348537265
0.30761664454317156
0.3518096076004747
0.38246045547219654
0.0403112887414927
0.21996817951694747
0.0648845127900335
0.37462114195544277
0.07291776189653644
0.25351331325987586
0.42983950493178247
0.2072920644887305
0.365042463283383
0.09060905032059428
0.09626006440887114
0.189589029218465
0.2634919353604584
0.14601369798755176
0.3363108680967654
0.479660296459901
0.39202040763205176
0.3204949297570867
0.17844046626256052
0.05780138406647351
0.12427791436936804
0.3415523385954193
0.34520283892227777
0.22167769396130077
0.34890113212771323
0.022022715545545173
0.31445985435346113
0.3257560436891386
0.17640011337864836
0.18420097719610484
0.40481106704239195
0.1184609640345713
0.2941054232753962
0.2232151428554972
0.2580096897405212
0.4101828860398737
0.43834803524140487
0.18245547402037557
0.22382582514088945
0.47231451385702716
0.26600751869073175
0.3936203754888714
0.30265491900843106
0.24159884105682283
0.15508062419270838
0.4831200678920304
0.27586228448267447
0.44364400142456556
0.13309395177843375
0.14422205101855964
0.26935849717430477
0.34085187398634026
0.11531261856362479
0.39341835239347944
0.42360830964465274
0.46800213674725893
0.046141087980237354
0.13423859355639875
0.025999999999999936
0.29110994486619657
0.02022374841615672
0.16791962362987828
0.3453230371695463
0.2929846412356798
0.28001785657346934
0.17556765077883787
0.18204395073717783
0.2749727259202264
0.3492420364160076
0.06021627686929832
0.4217736359707656
0.4008241509689755
0.477822142643055
0.23661994844053189
0.264236636369751
0.4266708333129886
0.14360013927569829
0.03858756276314939
0.2558280672639341
0.12477579893553085
0.22682372009999296
0.22539077177204903
0.07963039620647372
0.2857761361625564
0.027073972741361776
0.39454784247287433
0.12549501982150518
0.35866558240232654
0.3686353211508631
0.23954957733212554
0.12625371281669295
0.36753503234385715
0.3041134656670106
0.4009114615473098
0.3436859031150391
0.05768882040742383
0.26536390108679075
0.03280243893371348
0.04632493928760181
0.37186018878067606
0.2483102897586001
0.21550174013218573
0.49479288596341003
0.14940214188558362
0.037121422386541154
0.12349089035228468
0.20582759776084444
0.11543396380615221
0.0765571681816927
0.24194627502815547
0.3936419693071359
0.18806381895516208
0.2755104353740526
0.28400352110493304
0.37481728882216736
0.4511363430272495
0.04638965401897307
0.3265241185578793
0.15227934856703312
0.36591939003009955
0.3385409871788053
0.2454159734002658
0.06545991139621284
0.15890248582070687
0.09849365461794986
0.1638566446623387
0.053150729063673324
0.41276870036377505
0.11101801655587269
0.010049875621120833
0.48667956603909324
0.28938901153983027
0.3033710599249704
0.009055385138137358
0.49448559129665254
0.17265283084849786
0.4698020859894089
0.07516648189186449
0.24422940035958016
0.09980981915623326
0.08655634003352963
0.4970814822541673
0.11596551211459373
0.34383862493908407
0.27425717857514703
0.09633275663033837
0.25198412648418944
0.0821522975941635
0.24412496799794997
0.06103277807866872
0.1360147050873541
0.05700877125495691
0.40414353885717386
0.41046315303568986
0.16867127793433015
0.2083458662896867
0.04522167621838022
0.4926469323968232
0.20750903594783535
0.37216259887312686
0.19059118552545934
0.02720294101747073
0.3479425239892359
0.37674659918836684
0.15286922515666787
0.34172064614243025
0.3532392956623032
0.4446526734429918
0.2617250465660478
0.10781465577554833
0.25307113624433736
0.47055817918722875
0.04967896939349676
0.36266375611577184
0.1546738504078824
0.326622105804246
0.3710862433451286
0.20885641000457703
0.1553222456700906
0.33491043578843593
0.3286000608642671
0.3703093301552096
0.3106332242372023
0.08621484790916242
0.2548038461248182
0.06400781202322109
0.07521303078589502
0.33846270104695436
0.2744175650354765
0.18350476833041718
0.46231699081907
0.48188899136626895
0.11524755962709161
0.06521502894272145
0.09143850392476899
0.22748186740925083
0.0835463942968219
0.10056838469419684
0.27668212808202813
0.3616199662629265
0.21357200191036274
0.243797046741752
0.25102390324429286
0.34328559538669845
0.41825948883438385
0.01004987562112112
0.4908869523627614
0.34316905454892055
0.17288724649319845
0.33318163214679175
0.3623492790112877
0.21250882334623183
0.030528675044947714
0.18760863519571785
0.08141252974819052
0.2805298558086107
0.48921263270688325
0.028000000000000025
0.3906929740857902
0.12762444906835063
0.354572982614299
0.33947753975778716
0.20587617637793815
0.12816005617976306
0.362167088510262
0.2972036338943387
0.39953097501945944
0.33741517452539077
0.06168468205316479
0.2294275484766378
0.046010868281309625
0.05239274758971908
0.36467108467768583
0.24400204917172316
0.21217445652104314
0.4894864655943001
0.1419929575718458
0.04341658669218497
0.12126417442921864
0.19530488985173927
0.11370136322841522
0.0714002801114953
0.2558300216940927
0.38950353015088324
0.18315294155431966
0.2723912627086264
0.27814564530116237
0.37172167007049767
0.44499999999999995
0.03858756276314951
0.3097692689728922
0.14066271716414408
0.3603026505592208
0.3306009679356673
0.23994165957582247
0.060000000000000046
0.15961516218705538
0.24291768153018428
0.3612602939709813
0.14241488686229395
0.4545877253072283
0.1480540441865739
0.11043550153822804
0.3410131962256006
0.1922004162326398
0.22022715545545235
0.2970605998782067
0.18413310403075273
0.46666904761297384
0.36585379593493345
0.19126944345608368
0.2976776780344808
0.39863893437545705
0.19227584351654786
0.46656725131539195
0.427375712927162
0.22914187744713968
0.16811900546934
0.2288055943372016
0.4174937125275062
0.32197204847626143
0.3698026500716293
0.20634921855921834
0.21784857125994656
0.19622436138257648
0.41437422699777066
0.041868842830916755
0.3196810910892291
0.35923529893372114
0.39479108399253404
0.029410882339705447
0.2078509081048241
0.052325901807804664
0.3636880531444496
0.06037383539249418
0.24177055238386652
0.41735596317771695
0.21911184358678565
0.35359864253133105
0.10183319694480768
0.10845275469069482
0.20113676938839398
0.27568822970885065
0.13401492454200756
0.3486789354119344
0.46992127000168876
0.4040792001575929
0.30943335308269526
0.1905597019309172
0.499265460451652
0.06989277502002603
0.11220071301021209
0.32970592957967854
0.49320685315595536
0.447017896733453
0.4336865227327222
0.33428281439523627
0.4199154676836758
0.2842692385749819
0.32598312839777455
0.06499999999999995
0.46669154695580256
0.05280151512977622
0.3595177325251149
0.1577466322936879
0.323459425585343
0.3710215627156998
0.2053022162569123
0.15838244852255562
0.3316579563345346
0.33101359488697746
0.3673486082728503
0.3073190524520079
0.08940357934669063
0.25340284134160773
0.06753517601961223
0.07849203781276157
0.3350895402724472
0.27704331791256026
0.18040509970618923
0.45906971148181847
0.4800010416655364
0.11183022847155431
0.06850547423381577
0.08845903006477061
0.22965191050805558
0.0806225774829857
0.10327632836231139
0.28034443101299483
0.3584536232206338
0.21617816726024852
0.2407093683262037
0.24773574631045903
0.3401955320106365
0.414956624239209
0.006082762530298444
0.4874935897014442
0.3446926166891307
0.1750257123967789
0.32991210950797195
0.36467108467768605
0.20924626639440896
0.02720294101747109
0.19059118552545903
0.3359315406448166
0.07872102641607237
0.4409194937854303
0.04512205669071374
0.2343501653509122
0.2854767941532202
0.44157558809336384
0.2585884761546807
0.05821511831131137
0.2932183486755218
0.08414867794564554
0.045880278987817574
0.37236138360469145
0.288367820673528
0.444640304066107
0.22584286572747855
0.34905730188609463
0.36119939091864495
0.07144928271158474
0.10324727599312247
0.17978042162593771
0.23541665191740366
0.2583118270617897
0.4537003416353132
0.17422973339817754
0.3512164574731659
0.19482556300444792
0.20272641663088709
0.38629004646767695
0.07839005038906391
0.49851078223043493
0.04360045871318345
0.04767598976424091
0.05818075283115518
0.13884163640637467
0.2781528356857072
0.21378493866500486
0.26332679316772906
0.4544579188439784
0.05803447251418747
0.07854934754662217
0.2562225595063792
0.47385757353871644
0.16237302731673128
0.3550352095215347
0.12625371281669298
0.3086097859757527
0.21324399170902794
0.3556472971920356
0.3406405730385033
0.13427211177307066
0.3698986347636335
0.1723513852569801
0.11027692415006848
0.28681178497404897
0.37032418230517977
0.3622278288591312
0.3121233730434168
0.26431988196123296
0.27585684693333257
0.1386542462386203
0.471793386982056
0.020099751242241788
0.2616734606336683
0.3140143308831621
0.33701780368401896
0.08637129152675674
0.2658589851782333
0.10993179703798192
0.4203641278701122
0.11799152511939148
0.29960640847618725
0.47486524404298097
0.1611986352299547
0.41109731208072875
0.04522167621837996
0.05060632371552003
0.14355835050598753
0.2177452640127908
0.19200260414900625
0.29099828178186876
0.3460708020044453
0.3663495598468763
0.13257450735341234
0.012083045973594279
0.17020575783445163
0.38762481860685855
0.440051133392473
0.4076125611410915
0.2520178565102084
0.26761913235043583
0.21401401823245117
0.4383389099772002
0.3935708322525944
0.17650212463310447
0.26821073804007195
0.4278247304679801
0.22163257883262547
0.4359655949728146
0.4553559047602214
0.25967094562156917
0.19704060495238007
0.1996922632452247
0.4473410332173877
0.2960827587010092
0.39990623901109595
0.17786792853125635
0.18890473789717419
0.2246619682990423
0.384037758560275
0.07262231062146123
0.34900573061197704
0.3887377007700693
0.42329304270209767
0.0014142135623730178
0.1789329483354032
0.029068883707497623
0.3330165161069344
0.036055512754639925
0.21192923347193046
0.3900012820491748
0.24892770034690787
0.32332182110089647
0.13227622613304307
0.13761177275218858
0.23131147831441465
0.30468508332374905
0.10484750831564865
0.3770437640380753
0.4392095172010736
0.43340166127969554
0.2788296971271174
0.219804458553506
0.46857763497631877
0.09935793878699345
0.08335466393669887
0.30004166377355
0.23129418496797524
0.43171286754045224
0.4125348470129521
0.18483506160899216
0.25050349298961894
0.44582619931986933
0.2394702486740262
0.42041527089295916
0.47419194425886213
0.2757861490358062
0.21523010941780404
0.18160396471443044
0.45792248252297024
0.2932882541118891
0.41683809806686317
0.15922311389996144
0.170651692051383
0.24318717071424614
0.36772000217556844
0.08845903006477066
0.3668787265568827
0.3987003887632917
0.4418144406874903
0.02137755832643186
0.16065490966665183
0.0102956301409873
0.31781913095344033
0.016031219541881414
0.19474342094150449
0.3707424982383325
0.26628180561202436
0.3068876015742573
0.14873466307488628
0.15559562975867927
0.24816929705344273
0.322837420383697
0.08683317338436969
0.39564757044622406
0.42658879497708346
0.45127818471537035
0.2633723599772763
0.23774145620820938
0.45339827966149165
0.11706835610018586
0.06500000000000003
0.2825774230188959
0.4160624953056932
0.42979646345683187
0.18137254478007395
0.2324220299369233
0.46371219522458096
0.2574062936293515
0.4019763674645565
0.49156281389055445
0.29415982050579226
0.23299785406737097
0.16368261972488127
0.475631159618459
0.28011783234917415
0.43508389995493957
0.14166156853571854
0.15282015573869845
0.26076809620810576
0.34932220084042764
0.10679419459877022
0.38481683954837514
0.4162427176540149
0.45941266852362694
0.03758989225842494
0.1428355697996828
0.019235384061671308
0.2993877084985288
0.015524174696260037
0.17647946056127892
0.3537937252128703
0.2843976089913555
0.28849956672411153
0.16702694393420464
0.17344163283364233
0.26641321288554726
0.3406405730385033
0.06881860213634104
0.4131888188225812
0.4085413075810084
0.46922063040748746
0.24493468517137382
0.2556345047132721
0.43496436635660185
0.1349999999999997
0.047169905660283035
0.2644125564340696
0.32496307482543313
0.1934967699988816
0.24426420122482145
0.21428252378577214
0.3914920177985753
0.18681809334215957
0.12066896867049147
0.4161838536031881
0.2436554944999192
0.45960526541805397
0.39049327779105214
0.09687620966986711
0.14761097520171046
0.1065316854273884
0.09885848471426233
0.415245710393256
0.1999224849785538
0.27542694131112155
0.20494877408757528
0.09902019995940234
0.19335201059208035
0.1420211251891776
0.1872164522684905
0.0820975030070952
0.254159398803192
0.4450584231311659
0.14520674915443862
0.3331200984630016
0.3340733452402331
0.42949854481709226
0.4957428769029363
0.12233151678941939
0.23602754076590318
0.09560334722173705
0.4139178662488488
0.2733587386567332
0.2982918034408586
0.13926234236145824
0.14008925726121912
0.43081318457076023
0.08537564055396595
0.254043303395307
0.41714505870260526
0.2795800422061632
0.07343023900274334
0.3105221409175198
0.11160645142642965
0.05124451190127577
0.34820970692960307
0.31993905669674033
0.4132069699315344
0.2505114767830009
0.32549347151671115
0.3372002372478406
0.08036168241145773
0.07877182237323174
0.20052431274037572
0.2667508200549719
0.2768862582361213
0.48442233639666127
0.1479898645178107
0.3272002444986862
0.1708917786202719
0.4817271011682859
0.17892177061498116
0.36119939091864467
0.09963934965664929
0.47270498199193967
0.02039607805437116
0.016124515496597085
0.08203657720797473
0.1571559734785796
0.25347583711273136
0.2312249986485025
0.2848613697923958
0.4278142120126444
0.07200694410957882
0.05020956084253289
0.23163117234085728
0.44917702523615327
0.4659667370102722
0.23482972554597953
0.3824042363782074
0.21371242359769352
0.39432093527988094
0.4418913893707366
0.43712698383879256
0.4198059075334696
0.18216750533506235
0.42090497739988775
0.4834976732105338
0.14916433890176306
0.20880613017821106
0.20308865059377426
0.22832433072276825
0.09047651629014014
0.245943082846418
0.23476371099469365
0.1947973305771925
0.40770700263792387
0.3409296115036064
0.23841560351621285
0.33497761119215114
0.14937536610833807
0.3297893266920566
0.20728000385951365
0.3028696089078598
0.17880715869338126
0.46088827279504513
0.45751721279095064
0.47864914081193133
0.2700296280040396
0.14361754767437043
0.15586211855354717
0.2166887168266962
0.4255643312120975
0.2857008925432331
0.2036516633862832
0.09604165762834366
0.21497209121185948
0.43282328957670463
0.22733675461746158
0.11677756633874506
0.4468937233839831
0.24052650581588722
0.41986902719776803
0.4754461063043844
0.27652305509667724
0.21636312070221206
0.18060177186284757
0.4578318468608317
0.2943824043654784
0.4176996528607607
0.15809174551506486
0.16961426826773743
0.24438698819699872
0.3670435941410774
0.08927485648266274
0.3679252641502076
0.39853858031563266
0.4429954853043088
0.023194827009486534
0.15961516218705543
0.008062257748298652
0.31734523787194285
0.01399999999999979
0.19393297811357393
0.36941169445484506
0.26723959287500804
0.30619764858666043
0.14957606760441322
0.15670673246545616
0.24904015740438326
0.3239459831515125
0.08591274643497307
0.39685009764393403
0.4264985345813043
0.45231957729021643
0.26286498435508665
0.23881792227552778
0.4529116911716897
0.11815244390193529
0.06403124237432833
0.28168954542190583
0.2671516423307183
0.4660525721418132
0.03841874542459707
0.19876116320851014
0.2206014505845326
0.23085276693165277
0.2554310082977397
0.22141589825484534
0.45122056690713913
0.4664386347634595
0.2728094573140748
0.20240800379431642
0.3107281770293771
0.2204381999563596
0.42446319039464425
0.22605530296810114
0.3500057142390677
0.38000131578719576
0.38703229839381603
0.2269911892563233
0.2761322147088239
0.25519600310349666
0.24046829312822102
0.20220039564748635
0.44308125665615766
0.20056919005669835
0.48958451772906386
0.2580484450641003
0.2188058500132023
0.28168422036031776
0.42538688273147285
0.41011461812522615
0.4853586302931061
0.2864489483311119
0.22633824246026119
0.17060187572239652
0.466624045672745
0.28891694308226373
0.4276786176558281
0.14811144452742345
0.15961516218705538
0.25433245958783945
0.35717362724590956
0.09924716620639622
0.3779219496139382
0.4071817775883395
0.45295143227502893
0.03228002478313809
0.1496161755960899
0.010049875621120889
0.3076751533679637
0.00848528137423842
0.18398369492974084
0.3595622338344224
0.2772381647609146
0.29631908477180474
0.15955249919697276
0.16668833192518323
0.25902316498722655
0.3339296333061803
0.07592759709091272
0.4067947885605222
0.4174122662308812
0.46231699081907
0.2531600284405102
0.24880916381837714
0.44322116375462045
0.12814054783713064
0.05403702434442502
0.27170756338387037
0.3585861123914311
0.18380968418448465
0.377809475794348
0.36595354896489257
0.27156214758320063
0.47049442079582626
0.3703970842217849
0.46674404120459856
0.24888752479784929
0.46193614277300277
0.3369169037017882
0.3922371731491037
0.2819645367772338
0.4771299613312917
0.36811003789627916
0.404
0.16292943257742004
0.2752035610234722
0.24374166652421195
0.41930537797648154
0.31453139747885267
0.10791200118615166
0.04455333881989105
0.40630653452781207
0.33286633954186484
0.4276037885706814
0.21397429752192199
0.3854983787255144
0.3958850843363514
0.0401123422402632
0.1482969992953329
0.15476756766196204
0.2892905114240701
0.2203202214958945
0.47440067453577683
0.20693960471596531
0.38601165785504465
0.23443762496664242
0.24239224410034232
0.416403650320215
0.07902531240052146
0.10084145972763395
0.08200609733428348
0.07940403012442136
0.10993179703798173
0.3121554100123846
0.17409192973828502
0.23602754076590304
0.4768060402301966
0.052497618993626795
0.11655899793666746
0.2911940933466885
0.42727508703410283
0.40112466889983234
0.3766974913640919
0.18585209172887987
0.21147340258292543
0.44230532440837744
0.29674399741191065
0.3896934692806642
0.1901183841715473
0.2008307745341834
0.2130844902849571
0.3942549936272209
0.06488451279003345
0.3379600568114522
0.3842460149435515
0.4115883866194478
0.013038404810405198
0.19089525923919645
0.04304648650006192
0.34242663447810245
0.05003998401278704
0.2230022421411945
0.4026474885057646
0.23847222060441345
0.3336779884859054
0.12306502346320822
0.12681088281373973
0.22135265979879254
0.2934024539774676
0.11684605256490257
0.36527523868995004
0.4466060904197345
0.42230912848291596
0.28850303291300067
0.20883007446246818
0.47786713634649547
0.0891066776397817
0.09570788891204306
0.3112185727105629
0.14743473132203286
0.48612138401843635
0.2793295544692685
0.45069390943299864
0.12480785231707187
0.13640014662748715
0.2776562623100729
0.33473123547108646
0.12228654872879538
0.40117951094242094
0.4263296846338524
0.4762740807560287
0.05515432893255086
0.12640015822774905
0.03041381265149105
0.2860069929215018
0.022803508501982917
0.16122654868228106
0.33630492116530175
0.3004080558174166
0.2738558014722346
0.18258422713914801
0.1899921050991332
0.28207268566807386
0.35722961803299574
0.05303772242470432
0.4301185882986226
0.3975738925030164
0.48556873869721073
0.23140008643040724
0.2720918962409576
0.42143208230983087
0.15143315356948744
0.031112698372207922
0.24872675770813227
0.3716019375622253
0.40132904205900677
0.33464608170423876
0.34979422522391646
0.22659655778497614
0.23807561823924764
0.17600568172647155
0.4342211418160105
0.02325940669922613
0.29945617375502553
0.34368008379887244
0.3745530670011929
0.0487954915950233
0.22807893370497853
0.07247068372797383
0.38317228501028094
0.08052949770115274
0.2618415551435637
0.4375294275817339
0.19897738564972664
0.3734836007109281
0.08207313811473275
0.08820430828479998
0.1811573901335521
0.2554407954888961
0.15420116731075661
0.32845243186799516
0.4882499359958996
0.3838567441116543
0.3290243152108973
0.1703202865192518
0.04964876634922553
0.13241223508422456
0.34983424646537953
0.4476650533602101
0.15917600321656503
0.23276812496559743
0.499684900712439
0.40709949643791016
0.12306502346320822
0.48764946426711064
0.17740913167027228
0.39768329107469436
0.4098902292077721
0.05531726674375737
0.15202960238058885
0.1341342610968578
0.20209403751719143
0.21380364823828446
0.4085449791638615
0.22292823957498062
0.3999124904275934
0.24357750306627257
0.25146172671005007
0.4350781538988137
0.037121422386541314
0.09209777413162601
0.09170605214488292
0.017088007490635077
0.09674709297958267
0.3269311854198065
0.1708361788380904
0.21645322820415513
0.039408120990476164
0.12640015822774917
0.3049999999999998
0.4531589125240726
0.24144771690782266
0.4804768464764974
0.249611698443803
0.4450404475999906
0.0036055512754641157
0.012206555615733732
0.40227478171021347
0.21424518664371434
0.2470020242832031
0.17904747973652133
0.004123105625617638
0.15480633061990698
0.17201162751395618
0.1468196172178637
0.043011626335213084
0.21374049686477276
0.42520230479149573
0.15393829932801004
0.3072344381738479
0.31479675983084715
0.4066952175769957
0.4820383802146878
0.0729451848993476
0.29373627627516496
0.1189033220730186
0.3969307244343778
0.30441583401656375
0.2762607463973119
0.09433981132056612
0.1252557383915004
0.20686710710018644
0.4568106828873422
0.058309518948453
0.4958316246469156
0.22327113561766115
0.3263081365825866
0.3380014792867036
0.07940403012442133
0.0796115569499803
0.19969226324522452
0.26667770810474584
0.2760018115882577
0.48401859468413
0.14873466307488628
0.32800152438670155
0.17171196813268433
0.4824147593098701
0.17974426277353028
0.36196408661633794
0.09885848471426231
0.4734395420748038
0.02137755832643186
0.01627882059609966
0.08134494452638105
0.15628499608087798
0.2542616762313973
0.23032585612562048
0.2840369694247566
0.4285160440403601
0.07111961754677834
0.05091168824543146
0.2324220299369229
0.44995221968560156
0.4180011961705373
0.426
0.3426032691029085
0.4784359936292419
0.22421641331535055
0.26098658969380023
0.15264337522473737
0.45574773724068013
0.019104973174542742
0.2768104044287352
0.33114649326242296
0.35128336140500593
0.07080254232723565
0.25100199202396795
0.09617692030835691
0.40389726416503496
0.10421612159354222
0.28408625450732383
0.46113989200675304
0.17698022488402484
0.395135419824647
0.06243396511515177
0.06543699259593162
0.1598624408671404
0.23249946236496974
0.17696327302578913
0.305098344800492
0.3612035437256949
0.3500185709358862
0.1476109752017105
0.02765863337187846
0.1553222456700906
0.3722284244922733
0.4479341469457316
0.3698715993422583
0.23312228550698424
0.16361540269791225
0.445659062513038
0.01711724276862368
0.2874056366879397
0.33664818431115884
0.3622181663031275
0.06030754513325829
0.24020824298928628
0.08497058314499209
0.3941941146186736
0.09302150289046054
0.27362931129540913
0.4500044444224965
0.18721111078138508
0.3849805189876495
0.0712179752590594
0.07602631123499304
0.1697115199389835
0.24324884377936934
0.16623477373882983
0.31607752213657964
0.4981284974783114
0.3718090907979525
0.34017789463749687
0.15821820375671072
0.0376430604494373
0.14451643505151915
0.36170706379610545
0.23093072554339764
0.19006577808748246
0.3630495833904785
0.09440338976964766
0.3736054068131241
0.3993356983791957
0.44916923314047236
0.03200000000000003
0.15430165261590698
0.002236067977499593
0.31420057288299147
0.00583095189484521
0.18950461735799468
0.36282364862285355
0.2726187814513153
0.3021737910540887
0.15462535367784924
0.16275441622272505
0.2540964383851138
0.32987421845303394
0.08132035415564785
0.4031128874149273
0.4249058719293016
0.45796178879902194
0.25961509971494334
0.24466303357883876
0.44966765505203965
0.12416923934694914
0.059413803110051726
0.27687722911066553
0.20793508602446123
0.48642368363392846
0.13895682782792665
0.04159326868617078
0.11604309544302925
0.2028915966717202
0.10820813278122882
0.07574298647399619
0.25459379411132516
0.3859144983024091
0.1887326150934172
0.26824242766572187
0.2750454507895016
0.3677227216259556
0.44222166387457784
0.03280243893371366
0.31964042297556794
0.14835430563350685
0.35724081513735256
0.3376062795624513
0.23660304309116562
0.054671747731346795
0.16302760502442507
0.18056854654119583
0.005830951894845316
0.1573848785620777
0.16548413821270005
0.14948244044034073
0.03623534186398686
0.2144061566280221
0.4274786544378561
0.14880860190190628
0.3097256850827841
0.31666070169820576
0.40921388050749197
0.48383881613611773
0.07440430095095313
0.28612235145126297
0.1117899816620434
0.39885461010247825
0.29881432361920013
0.27821035207195266
0.09621330469327
0.12169634341261037
0.3043846251044885
0.32521992558882373
0.09841239759298614
0.2778380823429359
0.1217949095816407
0.4323482392701513
0.129849913361542
0.31164242329952435
0.4866148374227812
0.14916433890176303
0.4231359119715556
0.0336154726279432
0.038910152916687576
0.131529464379659
0.20585431741889698
0.20400980368599927
0.2792507833471555
0.3340957946457872
0.3783556527924486
0.12065239326262867
0.003605551275463869
0.18220043907740718
0.39965234892341106
0.31630365157550744
0.2464345754962155
0.4595965622151671
0.17810390225932735
0.3576143173867626
0.2013752715702703
0.20941107898103198
0.3914141029651334
0.06942621983083902
0.05015974481593806
0.04252058325093863
0.05300943312279414
0.12665701717630948
0.2838203657245196
0.2008706051168261
0.25437374078312397
0.4575117484830308
0.04162931659299713
0.0801560977094073
0.2620019083899963
0.47945385596530565
0.46554269406790183
0.1735108065798783
0.35327751131369795
0.19720294115453757
0.20525106577067972
0.38684622267769375
0.07424957912338642
0.4979407595286812
0.04712748667179265
0.03748332962798242
0.05852349955359818
0.1305105359731544
0.2794011453090339
0.20437710243566917
0.25865227623201015
0.45260357930533407
0.04527692569068722
0.07560423268574326
0.25761987500967365
0.4749368379058418
0.44725160704015365
0.39468975157710934
0.44864685444121855
0.4969064298235634
0.32834280866192256
0.44602466299522037
0.4551856764003014
0.46844957039152024
0.4191145428161613
0.4367905676637259
0.4729450285181143
0.3242113508191841
0.49946070916539576
0.4828923275431077
0.28347839423843213
0.4283853405521716
0.27190071717448644
0.27987318556803525
0.46283582402402673
0.010295630140987062
0.11947384651043928
0.4817893730666961
0.11486513831445977
0.020000000000000018
0.06428063471995285
0.35491970923012983
0.1382931668593933
0.1853213425377661
0.039051248379533283
0.15202960238058916
0.3330240231574892
0.0948472456110353
0.4024835400361114
0.10288342918079664
0.2826817999093681
0.4597912569851671
0.178392824967822
0.3937232530598112
0.06381222453417511
0.06684309986827361
0.1612761606685872
0.23389313799254552
0.17557334649655684
0.30647185841443886
0.3626044677055151
0.3486043602710672
0.14901342221424205
0.029068883707496992
0.15393829932801
0.3708261047984622
0.4276879703709237
0.08947066558375445
0.3111398399433926
0.1380036231408437
0.2583215051055563
0.4392356998241376
0.027658633371878686
0.09992497185388655
0.08987213138676517
0.028301943396169895
0.07738862965578339
0.3321219655488025
0.15116877984557514
0.20602184350209085
0.00824621125123533
0.12841339493993628
0.310409407073948
0.3078457405909656
0.06351377803280198
0.12244182292011152
0.29382477771624327
0.34188448341508587
0.23551008470976345
0.22380571931923468
0.23204525420701916
0.32321045775160195
0.3992054608844926
0.02002498439450082
0.47234309564129345
0.36601229487545905
0.19550959055759884
0.31400000000000017
0.384724576807877
0.19345800577903205
0.017720045146669687
0.2085976989326582
0.06670832032063176
0.14368368035375464
0.04640043103248077
0.4096352035653185
0.41510601055633983
0.17472549899771364
0.1929378138157474
0.02831960451701269
0.4971699910493392
0.19672569735548034
0.3770411118167353
0.19662146373170972
0.028999999999999915
0.419505661463585
0.10530432089900203
0.25589060162499133
0.24446881191677594
0.42210069888594104
0.21219095173922947
0.3628622328101948
0.09404786015641178
0.1038701111966288
0.19340372281835727
0.2701499583564654
0.14214429288578553
0.343956392584874
0.48249870466147377
0.39772477921296284
0.319715498529552
0.1849378273907207
0.06578753681359392
0.12021647141718966
0.33775286823356504
0.4697073557013986
0.29011894112587683
0.3631597444651597
0.38038007308480326
0.4485365091048889
0.2210542919737142
0.4451797389819082
0.2840915345447661
0.4508569617960891
0.42253638896549484
0.3470129680573912
0.22689645215384063
0.2532923212416831
0.321796519558556
0.13364505228402565
0.139617334167359
0.23287979732042002
0.3068044980113556
0.10264989040422796
0.379381074910175
0.4388769759283348
0.4354090031223515
0.2776220452341637
0.22181523843054593
0.4674879677595994
0.10121264743103964
0.0809938269252664
0.2981358750637032
0.20678733036624863
0.21411445537375598
0.30627601930285053
0.3813567883229564
0.029068883707497033
0.4541365433435192
0.37582575749940283
0.20808652046684792
0.29624314338056856
0.3980012562794243
0.17557334649655681
0.007615773105863733
0.22455511572885595
0.37889312477267256
0.401244314601466
0.2572566811571665
0.34992713527247343
0.42444434264105807
0.015000000000000012
0.4968400144915865
0.33500597009605676
0.16505150711217392
0.3394495544259853
0.3546730889142848
0.2188058500132021
0.03687817782917158
0.18081205712009363
0.4511341263970173
0.39686899601757764
0.43960550497008116
0.4862303980624823
0.25682678987987206
0.3724741601775886
0.26726952688250855
0.4779089871513194
0.3433729750577352
0.2343032223423313
0.14653668482670135
0.3417382038929799
0.41660652899348555
0.008062257748298557
0.48918912498133055
0.34392586410446085
0.17394826817189069
0.3315448687583627
0.3635065336414191
0.21087437018281735
0.02884441020371194
0.1890952141118331
0.3238672567580736
0.08575546629807335
0.396137602355545
0.4212362757408247
0.4526035793053343
0.2598557292037256
0.23900836805434236
0.44969767622259305
0.11856221995222571
0.0644127316607516
0.2808344708186657
0.3732680002357555
0.43300461891300884
0.3497556289754318
0.16007810593582125
0.3232460363252732
0.49523428798902863
0.3781600190395594
0.3355294323900662
0.16475436261295168
0.044294469180699896
0.13822445514452208
0.3558159636666124
0.43112527181783256
0.4259448321085725
0.49822986662784485
0.1526335480816717
0.3211759642314475
0.1462771342349856
0.32572534442379525
0.23436723320464398
0.288875405668257
0.4228522200485649
0.07547184905645289
0.04545327270945417
0.22740712389896656
0.44478421734589446
0.1626929623554749
0.3034534560686369
0.4094642841567501
0.09042676594902657
0.03201562118716427
0.21303755537463315
0.430601904315343
0.07731752712031084
0.4536099646171808
0.2517876089087786
0.3329384327469568
0.1509039429571011
0.06940461079784248
0.46034009167136425
0.25741989045137914
0.4406200177023282
0.13730622709840937
0.050249378105604335
0.26590599842801577
0.44151217423758543
0.12903487900563937
0.053009433122794034
0.2705420484878458
0.3192506851989513
0.1400892572612191
0.08377350416450294
0.06824221567329132
0.14996666296213967
0.46729861972832737
