0.060728905802755896
0.4521338297451319
0.44675048964718544
0.27096863287103895
0.3424762765506539
0.29839738604753197
0.4459203964834979
0.2777048793233563
0.052773099207835066
0.20732824216685966
0.3508005131125096
0.4861460685843297
0.32674148802991015
0.3302196238868914
0.3894008217762257
0.09245539465060984
0.20498048687619028
0.20321417273408873
0.2663906905280288
0.4899234634103574
0.08363013810822031
0.02844292530665581
0.3888457277635951
0.23224555969921135
0.3696065475610515
0.1315902731967679
0.1666883319251831
0.39826875348186674
0.016278820596099797
0.21220037700249256
0.4106007793465569
0.050000000000000044
0.2166333307688363
0.35261452040436436
0.060959002616512735
0.45741119356657634
0.025553864678361356
0.20856893344887206
0.27853904573685895
0.4580174669158371
0.23825406607233385
0.031906112267087755
0.2689721175140651
0.07669419795525605
0.012649110640673528
0.389224870736699
0.296609170458366
0.4430011286667337
0.21073680267100953
0.366698786471949
0.3782723886302038
0.0401995024844836
0.1202206305090767
0.15926079241294772
0.24758432906789557
0.235295558819116
0.4528321985018292
0.18850198937942256
0.3682743542523698
0.2121744565210431
0.22022034420098408
0.4018370316434261
0.05941380311005192
0.06146543744251719
0.05240229002629541
0.044721359549995836
0.11560276813294751
0.294401086954515
0.1896444040830101
0.24365549449991902
0.46748796775959894
0.030413812651491224
0.09060353193998573
0.2726187814513151
0.48993264843241446
0.059363288318623156
0.42265470540383204
0.1600312469488379
0.40691153829794513
0.19329769786523576
0.2826393461639762
0.30524088847990205
0.06356099432828265
0.09800510190801308
0.03982461550347947
0.4613512761443281
0.4915384013482569
0.06888396039717803
0.34626290589666125
0.2528576674732248
0.1180677771451636
0.22111083193728875
0.24407375934335893
0.08044874144447493
0.28022312538404104
0.49252106553933317
0.023409399821439063
0.39014484489737916
0.12720062892926268
0.35405366824819096
0.3478289809662214
0.21411445537375562
0.1278006259765576
0.3620013812128347
0.2998032688280767
0.39832775449370844
0.33746851705010944
0.05953990258641681
0.2392592735924776
0.04060788100849394
0.049244289008980445
0.36500547941092615
0.24581497106563696
0.2111918559035838
0.489400653861435
0.14182383438618507
0.0395600808897049
0.11950313803411187
0.19864541273334244
0.11173182178770759
0.07212489168102763
0.2528102054902053
0.3890308471059848
0.18494593804677079
0.27149401466699047
0.2780017985553333
0.37095147930693045
0.44511234536912153
0.03606937759374306
0.31496825236839343
0.14406248644251549
0.36020272070044124
0.3335161165521091
0.23961636004246448
0.05800000000000022
0.15979048782702912
0.2459857719462653
0.4390558051090998
0.18507566020414482
0.4818059775469789
0.10191172650877815
0.46547287783500335
0.13416407864998747
0.2298717033477588
0.364197748482881
0.021633307652783908
0.15729272074701992
0.01984943324127931
0.01100000000000012
0.40540596936897705
0.19384787850270635
0.17720045146669341
0.16772000476985444
0.1957345140745494
0.021260291625469316
0.33940094283899663
0.03687817782917154
0.4491603277227408
0.06811754546370567
0.4130980513146969
0.3235753389861471
0.2549999999999998
0.06876772498781684
0.42121372247352057
0.24496938584239472
0.45683366776103523
0.39675811270848627
0.0036055512754641157
0.2403601464469516
0.02692582403567241
0.012999999999999968
0.4243500913161206
0.18940168953839878
0.2700407376674861
0.2011218536111877
0.022203603311174425
0.1779915728342214
0.14707821048680192
0.17008233300375447
0.019026297590440458
0.19520502042724192
0.4480903926664797
0.12896898852049674
0.3303407331831785
0.3372432356623333
0.42982903578050646
0.09500000000000004
0.26946799438894414
0.09437160589923221
0.41944010299445617
0.27937251117459655
0.29880428377116663
0.11682465493208194
0.1011385188738692
0.11576268828944854
0.39491011635560824
0.2624290380274256
0.4746883187945538
0.4138236339311712
0.31628468189275305
0.27242613677839356
0.2741039948632636
0.3014796842243273
0.2125511703096458
0.26740605827093755
0.4095424275945046
0.43560073461829696
0.4571706464767835
0.34615747861341956
0.4952918331650542
0.23194827009486402
0.11301769772916094
0.11094142598686935
0.18799999999999994
0.03891015291668733
0.1181905241548578
0.4809833676958071
0.32469370181757445
0.4620010822498145
0.039999999999999945
0.08502352615599987
0.4906179776567508
0.07640026177965621
0.30461286906498225
0.14243595051811897
0.17886866690396067
0.44499999999999995
0.03417601498127015
0.06911584478250986
0.12403628501370072
0.35542087727087734
0.14629080627298488
0.06087692502089767
0.18093645293306712
0.0449221548904323
0.08627861844049205
0.48160149501429095
0.2438298587129968
0.11947384651043921
0.4589466199897327
0.4706187416582557
0.06276941930590092
0.2121909517392293
0.06723094525588645
0.20890667772955457
0.14560219778561045
0.37619808611953354
0.2809572921281808
0.46061914853813885
0.3043451987464236
0.3123731742643723
0.49429242357131054
0.03443835071544506
0.15232202729743327
0.46201839790207494
0.14481022063376592
0.05502726596879047
0.028000000000000025
0.3868074456367146
0.10186756107809783
0.1514331535694876
0.06293647591023824
0.18304371062672453
0.3649999999999999
0.0064031242374327675
0.10791200118615162
0.1382208377922807
0.2311925604339379
0.43701830625272425
0.07749193506423746
0.061188234163113364
0.18915602025840988
0.41709711099455005
0.2549450921276973
0.1775640729426987
0.14676852523616904
0.1821318203939113
0.04939635614091392
0.450538566606678
0.033286633954186504
0.1731040149736567
0.07616429609731852
0.14705441169852734
0.19760819821049938
0.2343074902771996
0.04134005321718881
0.17083617883809038
0.32506614711470627
0.045793012567421194
0.2275016483456768
0.03945883931389786
0.308162294903189
0.39320732444856604
0.4171390655404982
0.42517996189848817
0.1473533168951414
0.26532432983049253
0.3789036816923268
0.257031126519727
0.16726326554267676
0.09013878188659966
0.49928849375886863
0.034058772731852836
0.03894868418830101
0.17483706700811463
0.29550296106807467
0.4775458093209486
0.1423938200906205
0.3114819416916492
0.45755109004350547
0.11428035701729308
0.13473678042761747
0.22910477952238373
0.43540555807201176
0.07432361670424825
0.06438167441127944
0.18727786842016333
0.41540943658034546
0.2532113741521105
0.18263077506269312
0.14440221604947764
0.18001388835309348
0.05547071299343464
0.4514864339047189
0.035846896657869776
0.17140011668607463
0.08149846624323671
0.14361754767437024
0.19616319736382776
0.22803727765433446
0.03535533905932746
0.16979988221432907
0.32313000479683085
0.04404543109109052
0.2211108319372889
0.04512205669071395
0.3040411156406318
0.3916184367467905
0.4152709958569225
0.4233024923148928
0.14511374848717812
0.2632299375071157
0.37596941364956815
0.2554094751570504
0.16473008225579208
0.08910667763978186
0.49761028928268747
0.03863935817272333
0.04049691346263321
0.17321951391226106
0.29380435667293997
0.47583295388192687
0.22364704335179558
0.29481010837486565
0.4864668539582115
0.1670927885936433
0.10301941564578977
0.25321334877924573
0.4681078935459217
0.45650848842053326
0.31264036847470617
0.12580143083447032
0.22032702966272655
0.2496096953245205
0.06694027188471817
0.45967379738244823
0.09871676655968827
0.23657979626333256
0.05508175741568156
0.23136551169091718
0.25563254878829494
0.33871079108879887
0.1463488981851247
0.22653035116734357
0.3823205461389694
0.13437261625792646
0.3353356527421442
0.07353910524340078
0.379680128529266
0.4434241761564201
0.47073771890512456
0.47872434657117635
0.2195130975591205
0.3271849629796577
0.43041956275243815
0.31312936623702325
0.24067405344157894
0.15999999999999992
0.09217917335276982
0.10440306508910537
0.2371181140275874
0.3507035785389138
0.05316013544000821
0.13462912017836265
0.4652074805933368
0.10907795377618701
0.25773823930491957
0.12165525060596447
0.09481033698917002
0.09381364506296518
0.27799640285442534
0.0744311762637136
0.16070469812671936
0.08080841540334764
0.4399602254749852
0.13860014430006914
0.035355339059327306
0.2793725111745963
0.3230123836635367
0.03448187929913326
0.14583552379307327
0.49685510966477925
0.10282509421342616
0.2500499950009997
0.12744018204632301
0.11421471008587283
0.08868483523128408
0.37121422386541175
0.3014232904073605
0.12398790263570059
0.27945840477609524
0.06236986451805068
0.2716210595664482
0.08809086218218101
0.11951987282456408
0.03214031735997644
0.4315101389307091
0.4375991316261951
0.19608416560242697
0.18709623192357455
0.04681879964287854
0.18083417818543054
0.39936199118093324
0.21801376103356415
0.006403124237432854
0.31701419526576397
0.4905150354474366
0.005385164807134509
0.4898418112003099
0.1809668477926273
0.3418844834150857
0.4205615293866047
0.22549944567559346
0.37215050718761633
0.1389748178628058
0.44619838637090575
0.25280031645549816
0.2098237355496274
0.36531766998052534
0.10307764064044159
0.4630561521025285
0.30971599894096524
0.4456242812055913
0.06087692502089764
0.12149485585818014
0.4737763185301689
0.06815423684555491
0.28922828354087365
0.48673298634877826
0.13020752666416802
0.2168132837258824
0.42859888007319846
0.029154759474226407
0.058180752831155376
0.15800316452527138
0.36030265055922084
0.1705315220127938
0.05885575587824859
0.21109239683134015
0.008944271909999168
0.0828613299434664
0.4650010752675741
0.22173181999884464
0.13370115930686607
0.44159936594157395
0.45381934731785073
0.07106335201775943
0.19588006534611924
0.09454099639838791
0.1802775637731995
0.17454512310574596
0.3697093452970861
0.26665520808714754
0.4438423143414788
0.28750652166516166
0.2953929586161456
0.47898747374018025
0.032249030993194115
0.1357939615741437
0.4606354306824434
0.13370115930686605
0.038910152916687424
0.06525335240430173
0.37085037414029925
0.13418271125595865
0.17438463235044543
0.06181423784210231
0.16964963896218596
0.3489197615498439
0.16961426826773743
0.32481533215043906
0.498627115187291
0.29747268782192443
0.24239636960977795
0.3015244600359978
0.14588008774332434
0.49614514005480287
0.13322161986704717
0.29069055712217423
0.15347312468311858
0.12442266674525183
0.07026378868236466
0.3101612483854165
0.09884331034521263
0.11345483682946254
0.11371895180663608
0.4720519039258288
0.17017637908946126
0.06985699678629197
0.3204075529696514
0.3725922704512265
0.06963476143421479
0.14741099009232658
0.13376471881628568
0.3026763948510027
0.15532224567009056
0.14425324953012325
0.09226592003551477
0.4019975124301146
0.334439830163813
0.15418495387034364
0.3098402814354517
0.09935793878699381
0.3018078859142022
0.12586500705120565
0.06711929677819907
0.0671788657242738
0.46208765402248086
0.4701201973963682
0.22826519664635708
0.20988806540630175
0.09992997548283516
0.18146349495146405
0.4315599610714598
0.2497358604606076
0.048052055106936005
0.10176934705499505
0.29608275870100903
0.1878563280807969
0.44409120684832304
0.21618741869035762
0.15179262169156976
0.3640013736237819
0.3779219496139381
0.430359152336743
0.4326291714621196
0.2769205662279347
0.4822032766375608
0.42778733034067296
0.24123225323326897
0.3759175441503097
0.24836465126905652
0.22510886255321003
0.09266067126888299
0.39653120936440805
0.06216912416947827
0.24791329129354878
0.21029740844813094
0.2643198819612328
0.1691892431568863
0.209246266394409
0.3928002036659349
0.1682379267585047
0.0270739727413619
0.23166354913969522
0.26201145013147814
0.25670216204777074
0.2428373941550189
0.05375872022286242
0.4892289852410629
0.41804425603038736
0.2518293072698251
0.4002024487681203
0.08405355435673142
0.3928269339034686
0.21261467494037198
0.17055790805471308
0.10309219175087897
0.43366461695646785
0.3178741889490244
0.07021395872616779
0.13869751259485522
0.05240229002629571
0.3393302226445503
0.13851353724455964
0.2698629281690984
0.49958582846193694
0.47305073723650415
0.3629269899029278
0.20753072061745448
0.34436318037792574
0.15620819440733583
0.19479733057719253
0.37283910739084214
0.04254409477236543
0.18721111078138492
0.3854400083021999
0.02773084924772412
0.2426375898330678
0.3273408010010361
0.08500000000000008
0.4322961947554014
0.049091750834534445
0.23657979626333275
0.2689107658685312
0.4329260906898542
0.2644730610100016
0.0592368128784797
0.2966226559115134
0.09500000000000007
0.04001249804748515
0.3638969634388284
0.3046473370965189
0.429219058290752
0.2344376249666423
0.34100586505220115
0.3528413241104278
0.06859300255857013
0.09420191080864525
0.18539956850003736
0.2522399651125888
0.26252809373474695
0.4679850424960183
0.16410362579784746
0.3428425294504752
0.18640010729610648
0.4980923609131141
0.1944016460835656
0.37713923158430473
0.08405355435673156
0.48883637344207514
0.03413209633175196
0.03195309061734083
0.06579513659838399
0.14266394078392772
0.26926752496355716
0.2171865557533431
0.2696015578590007
0.4441193533274584
0.05818934610390478
0.06660330322138691
0.2473863375370594
0.4650301065522531
0.15831929762350516
0.027459060435492087
0.0180277563773199
0.40466529379228955
0.19731446981911893
0.17736967046256802
0.1792037946026813
0.18217573932881398
0.03224903099319417
0.33894099781525383
0.040447496832313405
0.447902891261041
0.07378346698278689
0.41199271838225493
0.3439258641044607
0.27008332047721845
0.07462573282722255
0.42074338972822856
0.25453094114468683
0.4543181704488606
0.3967581127084863
0.018027756377319792
0.2618415551435639
0.0230867927612302
0.01802775637731984
0.4248023069617206
0.19773972792537162
0.2687936011143124
0.2018365675490941
0.02499999999999991
0.17667201249773534
0.16016241756417138
0.16862977198585083
0.03860051813123758
0.19000263156072322
0.4469776280755
0.1386542462386205
0.32886623420472944
0.3370830758136636
0.4282067257762306
0.0962548700066652
0.2846067462306542
0.10977249200050072
0.41909664756473536
0.2893527259246058
0.29850293130888994
0.11718361660232213
0.10707474025184459
0.13756816492197593
0.363496905076233
0.39395558125250607
0.16643316977093248
0.24831633051412466
0.35082759298550054
0.02061552812808825
0.31552654404978353
0.32927951652053905
0.17844046626256052
0.18225805880673682
0.4013228127081737
0.12065239326262864
0.29231831964486926
0.2252043516453446
0.25620499604808644
0.4087175063537162
0.4358589221296266
0.17824140933015523
0.22580079716422619
0.47024355391647843
0.2640075756488817
0.3947264875834913
0.4976946855251721
0.30123080851732276
0.2394702486740262
0.1572577502064685
0.48324424466308963
0.27343737857140166
0.4419683246568694
0.1355949851580067
0.14649232061783996
0.26709174453734047
0.342239682094289
0.11384638773364758
0.3914000510986169
0.42385846694386087
0.46571450482028154
0.04382921400162229
0.1365283853270082
0.026683328128252644
0.2920633492925807
0.022022715545545253
0.16964963896218574
0.3480976874384544
0.2911563154046294
0.2814427117549858
0.17399999999999993
0.1800000000000001
0.2733093485411722
0.3471166950753017
0.0624339651151518
0.4194532155079991
0.4009588507565334
0.475800378310064
0.23764890069175573
0.2622003051104251
0.4276493891028024
0.14165097952361622
0.04114608122288188
0.2576897359228729
0.4691620189231007
0.310845620847391
0.48653160226238135
0.02080865204668474
0.2502039168358478
0.02906888370749749
0.3856008298746255
0.21369370603740312
0.15741029191256822
0.186300831989554
0.20940391591371932
0.04110960958218905
0.3196075718752605
0.017029386365926297
0.429330874734161
0.08796590248499715
0.3932734417679382
0.33326415948913557
0.24263758983306738
0.08861715409558145
0.4014286985256534
0.2640378760708397
0.43698626980718724
0.37701060993027746
0.019723082923316326
0.24122396232547044
0.013000000000000088
0.01004987562112112
0.40465417333817255
0.2088276801575884
0.25019992006393604
0.18139459749397163
0.00538516480713454
0.15814234094637625
0.165051507112174
0.15023315213360863
0.03577708763999667
0.21345959805077866
0.4282674398083514
0.14821943192442766
0.3104979871110276
0.31747283348343364
0.4099865851463921
0.48465761110293093
0.07521303078589502
0.28584786163272247
0.111427106217473
0.3996648596011412
0.298283422268151
0.2790161285660738
0.09700515450222216
0.1209669376317348
0.4844894219691489
0.17677669529663673
0.3377365837453799
0.4195056614635849
0.2272993620756555
0.37184539798147304
0.3426499671676622
0.32209936355106317
0.06983552104767306
0.11536463929644988
0.3432855953866984
0.18137254478007425
0.18541305239923106
0.48352973021314827
0.07121797525905942
0.10729864864013892
0.10028459502834917
0.39418269875782225
0.11016805344563368
0.10044899203078142
0.1504725888658795
0.06964194138592054
0.12606347607455543
0.21992044015961776
0.07951100552753687
0.4972001609010199
0.10262553288533999
0.2504096643502401
0.034058772731852836
0.1934373283521048
0.11377170122662324
0.33988968798714686
0.31986403361428417
0.49904909578116663
0.34260472851377877
0.3506009127198614
0.0723463889907436
0.19020515240129537
0.42359060423951816
0.18398369492974084
0.0909725233243533
0.032249030993194115
0.4254174420495707
0.07542545989253227
0.11449017425089379
0.10264989040422784
0.22192115717073949
0.4035554484826092
0.3828837943815329
0.2758115298532678
0.15248606493709507
0.37472389835717707
0.2149534833400009
0.1243905141077889
0.11742657280190033
0.14795945390545334
0.042047592083257264
0.3932848840217484
0.08765842800324448
0.13572398461583704
0.10377379245262268
0.12887590930814016
0.1569235482647522
0.27684652788142383
0.09552486587271397
0.12803515142334937
0.28552407954496567
0.04499999999999988
0.25837376027762565
0.07427651041883974
0.36800543474247766
0.35027417832321
0.37614491888100793
0.3842004685057006
0.1167261752992874
0.2281161984603461
0.440090899701414
0.21609488656606363
0.13793114224133723
0.057035076926396734
0.45636936794662264
0.02952964612046673
0.09527329111561122
0.13661625086350443
0.2544837912323692
0.43499195394857576
0.4142233696932128
0.1855262784621089
0.1861316738225926
0.1629631860267833
0.1848377667036689
0.014866068747318481
0.3482786240928374
0.04579301256742135
0.45783184686083167
0.06014149981501956
0.4218068278252499
0.326266762021509
0.2658759109058208
0.06087692502089768
0.4301162633521314
0.239267632579085
0.46510213931995625
0.4057905863866238
0.00948683298050504
0.24768528418135796
0.03264965543462893
0.020000000000000018
0.43351816570935064
0.1830519052072389
0.2786413465370854
0.21024033866030575
0.029999999999999992
0.18647251808242407
0.14325152704247168
0.17850770291502846
0.02147091055358401
0.18469434208984287
0.45680630468503836
0.1231665539016173
0.3389041162334857
0.3462080299473138
0.4383811127318329
0.10400961494015845
0.26711046404062877
0.09207062506576134
0.428379504645122
0.2739050930523199
0.30770927837814693
0.12567020331009274
0.09350935782048758
0.30490654305868875
0.27359276306218344
0.3857512151633486
0.31144823004794875
0.22821481108815006
0.4266169241837459
0.06606814663663586
0.2096783250600786
0.3686000542593557
0.04468780594300863
0.47344059817468126
0.01019803902718558
0.1941648783894759
0.292740499418854
0.4740516849458506
0.22244100341438847
0.016763054614240228
0.25408069584287585
0.06168468205316449
0.016031219541881404
0.4052024185515187
0.2841126537132762
0.45813207702582887
0.19446593532030224
0.38258201735052855
0.39422455529811945
0.030083217912982567
0.13591173606425594
0.1433910736412835
0.23666220653074288
0.22002954347087125
0.4377761985307104
0.20460694025374598
0.3842251943847515
0.22800219297190993
0.23603813251252423
0.41793779441443185
0.043139309220246023
0.07647875521999564
0.06862215385719095
0.02941088233970548
0.10018482919085103
0.310407796293843
0.1746424919657297
0.22774766738651797
0.4837354648979129
0.016124515496597113
0.10666770832824729
0.2886000693000609
0.3709191286520553
0.07621679604916498
0.1566045976336582
0.1725949014310678
0.23072277737579358
0.12573384588089234
0.2936153946917633
0.40990974616371323
0.125099960031968
0.08492938243034619
0.19426270872197768
0.3114482300479488
0.2179036484320534
0.20545559130868152
0.04560701700396556
0.46388468394634463
0.3946099339854485
0.21542516101885584
0.3718279171875074
0.09377099764852667
0.36390245945857536
0.1814634949514641
0.0778973683766017
0.07885429601486524
0.2887663415289255
0.1626038129934227
0.1283160161476346
0.11615506876585284
0.4924682730897492
0.3106396626318025
0.09323089616645336
0.3361339018903032
0.3453925303187663
0.1984036289990684
0.16220049321749908
0.38541017111643533
0.14042791745233557
0.2720827080135744
0.24522642598219302
0.23598728779321995
0.42645632836200237
0.4166845329502884
0.18200274723201287
0.24583937845674764
0.45034431272083364
0.24401844192601516
0.4153287854218632
0.47840255016042715
0.2807222826923435
0.21966565503054858
0.17704519197086385
0.4633033563444151
0.2883903604491662
0.4216313555702422
0.15487091398968378
0.1661475248085267
0.247509595773578
0.362751981386732
0.09334880824091987
0.37143101647546883
0.40408538701616026
0.4461535610078665
0.02469817807045706
0.15615697230671452
0.012206555615733777
0.3126787488781417
0.015231546211727627
0.18993156662334973
0.36672196552701863
0.27096309711840844
0.30193542355940944
0.15357408635573905
0.16007810593582136
0.25296047122030746
0.3272995569810629
0.08220097323024818
0.3999524971793525
0.42124695844599286
0.45583439975499884
0.25825955935840966
0.2422601907041271
0.4482644308887334
0.12160592090848195
0.06046486583132373
0.27785067932254537
0.49217578160653136
0.4613393544886452
0.3222623155133098
0.33442637455798846
0.30634947364080795
0.3542555574722858
0.48143327678921416
0.49922840464060125
0.4022188459035703
0.21050890717496964
0.14814182393908884
0.49568639279286236
0.2023709465313635
0.10793516572461448
0.22440365415919575
0.3469020034534246
0.1069626102897643
0.07924645102463598
0.16949631264425774
0.23631546711969573
0.19453791404248158
0.1806792738528689
0.03612478373637692
0.42918061466007534
0.35813405311419355
0.18970766985021972
0.33936558458394084
0.024698178070456864
0.33188250933123914
0.15058552387264856
0.14404513181638584
0.04229657196511317
0.4889836398081227
0.4928579917176955
0.4927413114403947
0.25660280590827533
0.11386395390991827
0.07789736837660181
0.11241441188744457
0.4554316633700382
0.2782121492674251
0.07910120100226041
0.1824390309116993
0.4984826977940155
0.22200900882621855
0.15831613941730632
0.433710733092922
0.4507116594897449
0.15876082640248498
0.24136694056974736
0.19337269714207303
0.4080012254883556
0.2040024509656683
0.19949185447030146
0.1955632889885011
0.4282919564969672
0.3698675438586089
0.20715453169071618
0.34108796519373097
0.2128097742116183
0.33328666339954266
0.19817668884104414
0.08229823813423952
0.18047991578012212
0.485239116312772
0.49766755972235127
0.27177380300536697
0.3163937420367222
0.2055480479109447
0.27084497410880637
0.45984780090808275
0.2896756807189724
0.15445711378890906
0.03104834939251986
0.418119600114608
0.38742354084386754
0.39498987328791085
0.3606008874087803
0.058137767414994546
0.4703966411444707
0.04686149805543997
0.4343293681067399
0.31416715296160413
0.2691635190734433
0.047507894080878854
0.44240366182932983
0.22466419385384948
0.4780930871702706
0.4179102774519908
0.022022715545545118
0.24114933132812127
0.046872166581031736
0.03342154993413677
0.4454492114708476
0.16868017073740468
0.2912902332725903
0.22226560687609773
0.04318564576337829
0.19925109786397652
0.12839003076563227
0.19134262462922377
0.015811388300842017
0.1760823670899501
0.46931972044652037
0.1085587398600408
0.3515920931989227
0.358420144523156
0.45107981555374427
0.11621101496846165
0.2524143419063188
0.07752418977325723
0.44062001770232817
0.2592392717163047
0.3199999999999998
0.13805795884337863
0.07990619500389186
0.17679932126566567
0.061611687202997326
0.4740168773366619
0.3150142853903613
0.25045957757690174
0.302616919553418
0.11034491379306988
0.4074125673073916
0.07424957912338642
0.2569844353263443
0.2428250398949828
0.4080196073719986
0.2882099928871309
0.08184130986244066
0.31797169685366666
0.12231925441237786
0.05813776741499459
0.33922853653547486
0.3312959402105617
0.40180841205728873
0.2602498799231232
0.3167459549860108
0.32828341414089124
0.086925255248403
0.07066116330771777
0.20924626639440919
0.277953233476425
0.2847876401812412
0.49569849707256536
0.13853880322855378
0.3182860348805771
0.16228986413205232
0.47170435656245524
0.1703437700651242
0.3518707148939789
0.10904127658827202
0.46307234855905605
0.01838477631085015
0.005099019513592855
0.09219544457292896
0.16536021286875524
0.24440130932546145
0.2388828164602888
0.2936460454356573
0.41790549170835245
0.08015609770940715
0.04060788100849394
0.22262299971027227
0.4399477241673149
0.19791412279066906
0.21132202914036197
0.13174596768022923
0.34436318037792607
0.4997489369673536
0.19137659209004643
0.19646882704388496
0.1718138527593163
0.22087100307645632
0.20400490190189066
0.400885270370464
0.21704377438664313
0.17967192323788383
0.31204006153056674
0.1686475615003075
0.37880337907679756
0.16700299398513793
0.4835917699878691
0.3611883165330793
0.39063537986209096
0.398177096277523
0.19550959055759898
0.2681641288464958
0.24897389421383095
0.21243822631532217
0.1584487298781534
0.46063651613826695
0.14410065926289167
0.19930378822290362
0.1953586445489423
0.2810071173475862
0.4414260980050906
0.4123117752381078
0.10499523798725356
0.3762578902827155
0.34210670849897107
0.23269078194032503
0.10564563407921793
0.3844437540135097
0.2804318098932432
0.41996309361657
0.36005693994144855
0.03661966684720129
0.24305760634055457
0.018027756377320184
0.02594224354214579
0.3877434718986251
0.22551496624392803
0.2331737549553981
0.16446884203398532
0.01615549442140363
0.14111342955225753
0.18070971196922428
0.1332066064427738
0.051865209919559695
0.2294013949390891
0.41125296351515817
0.16480594649465782
0.2934706118165837
0.300501247917542
0.39295928542280295
0.4677018280913599
0.05824946351684285
0.3001283058959951
0.1266254318847521
0.382687862363049
0.3145425249469459
0.26203053257206477
0.08000000000000007
0.1379746353501251
0.4640366364846638
0.4295963221444057
0.24389546941261536
0.036124783736376835
0.15750872991678908
0.3333526661060326
0.17998055450520203
0.03178049716414139
0.21505813167606572
0.027313000567495204
0.05730619512757766
0.4488786027424342
0.25088044961694406
0.14991330828181998
0.42600469480981085
0.43783330161146944
0.04200000000000004
0.1792010044614704
0.10107423014794627
0.20892582415776173
0.17977764043395397
0.39628903593210857
0.2487267577081323
0.4278340799889602
0.2714000736919577
0.2794011453090339
0.4619664489981928
0.003162277660168417
0.11903780911962385
0.48555638189606787
0.11314592347937229
0.02088061301782112
0.061188234163113475
0.3542033314354905
0.13585654198455074
0.18487833837418607
0.034539832078341076
0.15081445554057488
0.33233868267175865
0.48117564360636544
0.2988594987615417
0.3040411156406316
0.0010000000000000009
0.48920036794753136
0.18113530854032855
0.4646557865775481
0.06862215385719095
0.2504495957273639
0.09276313923105438
0.0799061950038919
0.4921148239994402
0.12403628501370069
0.33815085390990823
0.26901672810440624
0.08982761268117946
0.24610770000144236
0.09208691546577068
0.23819319889535062
0.056797887284651856
0.135532283976918
0.06609841147864297
0.3984532594922521
0.4052024185515187
0.4979407595286813
0.16304907236779986
0.21827734651126762
0.054203320931470664
0.48740332374738693
0.2160948865660639
0.3668078516062598
0.18491078930121965
0.03342154993413673
0.1892828571212934
0.3029273840378252
0.48179767537836876
0.21540659228538012
0.01486606874731852
0.24848541204666316
0.05154609587543943
0.026019223662515405
0.412835318256566
0.2740656855573131
0.4681805207395968
0.18600268815261778
0.390032049965128
0.401807167681215
0.03244996147917584
0.14322011031974513
0.1363414830489972
0.22699118925632333
0.21393690658696554
0.42769147758635545
0.21260291625469294
0.3918073506201741
0.23541665191740382
0.2434296612987003
0.42585443522405625
0.03500000000000003
0.08321658488546627
0.07715568676384126
0.019313207915827944
0.09415412895885128
0.3181273329973392
0.1690088755065839
0.2205107707119995
0.4921544473028766
0.016124515496597113
0.11469088891450813
0.2962735222729158
0.14043147795277244
0.3951822364428847
0.11005907504608624
0.05565968020030296
0.24440335513245312
0.3284204622126946
0.2979530164304432
0.2317088690577036
0.32695565448543634
0.15677372228788866
0.3459710970586994
0.3342005385992069
0.2480685389161631
0.43952360573693877
0.3385409871788052
0.43529530206516126
0.2212261286557263
0.430400975835325
0.30535389304870497
0.3676982458484128
0.254125953023299
0.4967262827755343
0.392577380907255
0.37200537630523567
0.14689451997947373
0.24490202122481544
0.22959529611906257
0.38741837850055594
0.2857166428474196
0.48701642682767887
0.45122056690713896
0.21470910553583886
0.42981507651547085
0.06003332407921459
0.17740631330367013
0.062201286160336
0.1660271062206409
0.19892963580120487
0.2833019590472329
0.09073588044428739
0.1700735135169495
0.3275667870831838
0.06744627491566894
0.2736293112954093
0.038275318418009345
0.3518465574650405
0.3922091278897011
0.4181686262741385
0.42622294635554264
0.15708914666519763
0.2700240730009086
0.4165477163543213
0.25814143410154033
0.1782722636867553
0.09633794683301068
0.4982579653151566
0.025298221281347056
0.06806614430096661
0.178392824967822
0.29652993103563774
0.4769171835864166
0.42698594824654373
0.3698824137479368
0.3084833869108676
0.4988436628844753
0.3694238757849849
0.340689007747535
0.35113530155767586
0.3048688242506932
0.23741314201197877
0.49794477605453386
0.41422940504025074
0.20223253941935262
0.30405920476117787
0.480504942742528
0.3018111992620553
0.418226015450976
0.4896059640159626
0.35435857545712085
0.2775031531352392
0.25744902408049636
0.171679934762336
0.4709331162702407
0.2503197954617253
0.25221022976873864
0.2935574901105404
0.38209161205135067
0.21435717855952482
0.4106044325138248
0.46663476081406546
0.17687566254292864
0.24570307283385762
0.1942009268772938
0.3229133010577296
0.19538935487891843
0.2537892826736382
0.43932903386869354
0.3307960096494516
0.33105890714493685
0.2490180716333656
0.23792856070678026
0.3220931542271584
0.3667424164178451
0.20047942537826646
0.42270202270630314
0.38594559202042966
0.4878114389802684
0.2818386062980014
0.298939793269481
0.44319972924179457
0.2173315439599139
0.1947331507473751
0.32647511390609824
0.3462369131100842
0.048052055106935866
0.4863990131568936
0.23162469643800912
0.30311713907332927
0.4898020008125733
0.1802359564570844
0.46524402199276016
0.06931089380465373
0.24989997999199606
0.09350935782048758
0.08061017305526641
0.49268651290653365
0.12316655390161727
0.33878754404493694
0.26960897611170154
0.09052071586106682
0.24675899173079782
0.09108786966440699
0.23884932488914443
0.05724508712544699
0.1354474067673499
0.06514598989960933
0.3990914682124888
0.405800443568018
0.49857797785301344
0.16367040050051823
0.21727862297059963
0.053338541412378405
0.4880010245890884
0.2151882896442091
0.3674139355005467
0.18553975315279486
0.03264965543462893
0.22122612865572647
0.4554250761651141
0.28300706704957035
0.3128338217009151
0.3245196450139807
0.2063710250980015
0.0532259335286851
0.17942407865166812
0.23080077989469625
0.2406823632923692
0.052810983706043625
0.20383571816538928
0.3583517824708004
0.07907591289387683
0.24200206610688263
0.02640075756488824
0.2924790590794493
0.4264270160297069
0.4504186941058287
0.4584604672160947
0.18060177186284737
0.29860509037858013
0.3567239829335842
0.29027056344038726
0.20041207548448775
0.12322743201089598
0.05813776741499459
0.00806225774829857
0.20808652046684806
0.3287582698579613
0.23740261161158271
0.05403702434442512
0.025806975801127965
0.42105819075277484
0.2791146717748818
0.46877286610895047
0.1798777362543791
0.3985799794269653
0.4101219330881976
0.018384776310850174
0.15212166183683362
0.12741271522104844
0.234170877779454
0.20349447166937978
0.4278703074530879
0.2202294258267954
0.4001249804748512
0.24407375934335931
0.2521210026951343
0.43354469204454565
0.029529646120466827
0.09303762679690414
0.08402380615039992
0.02404163056034267
0.0837257427557379
0.32621771870945326
0.15799050604387582
0.21181595785020546
0.49877550060122233
0.0030000000000000027
0.12241323457861918
0.30445525122749967
0.24645689278249047
0.28908303305451905
0.27148664792214
0.25779255225859427
0.05787054518492122
0.43737855457258096
0.26713479743380497
0.41843159536535957
0.1032763283623117
0.41090388170471226
0.22856946427727412
0.1610496817755315
0.11610770861575045
0.429513678478346
0.335477271957431
0.08745856161634497
0.15713688300332315
0.03511409973215888
0.3571694275830452
0.14877163708180413
0.21967248348393567
0.25983456275099365
0.2920633492925807
0.10584894897919403
0.23124445939308474
0.38862964374838915
0.11655899793666724
0.2951948509036023
0.03701351104664342
0.3245997535427284
0.45398788530091844
0.47965404199276807
0.48771405556944925
0.21503488089144973
0.33039370454050726
0.3770212195619765
0.31933054974430475
0.2359364321167887
0.1543826415112787
0.07947955712005453
0.05630275304103695
0.23860637040950936
0.3578337602854154
0.4640107757369435
0.39671778382119444
0.45263671967704955
0.07690253571892151
0.4563441683641855
0.22522211259110425
0.14256226709757383
0.43289952644926755
0.44515165954986624
0.06789698078707175
0.18738463117342347
0.10316006979447037
0.18191206666958634
0.18319934497699497
0.37617682012585524
0.258257623314395
0.4351781244502072
0.27889065957826564
0.2867629683205276
0.4704178993193178
0.03046309242345556
0.1274048664690639
0.4677958956639104
0.12593649193144923
0.0322800247831379
0.0721803297304743
0.3622623358838177
0.142425419079601
0.18330848316430973
0.057035076926396734
0.16148374531202836
0.34033072150483257
0.3966761903618618
0.3000816555539509
0.4436327309836369
0.2055480479109447
0.37444892842682836
0.3858108344772085
0.0291204395571221
0.1287982919141397
0.15211837495845143
0.2526697449240807
0.22674214429611464
0.45254060591288386
0.19564508682816428
0.3758217662669367
0.22020445045457193
0.2282651966463567
0.40881413869874883
0.055226805085936415
0.07156814934033151
0.05968249324550686
0.044721359549995836
0.1076475731263832
0.3018078859142019
0.18076780686836913
0.23645718428502036
0.47349868004039863
0.023430749027720056
0.09827003612495529
0.28013032681236044
0.4970010060351989
0.43260374478268215
0.24393851684389675
0.025059928172283308
0.011401754250991459
0.4243489130420862
0.1906462693052239
0.2697128102259886
0.2010795862339091
0.021213203435596486
0.17758941409892653
0.14912075643584963
0.16964963896218607
0.022022715545545274
0.1941803285608505
0.4478325579946149
0.13038404810405294
0.3299969696830564
0.33712015662075173
0.42948341062257583
0.09486832980505161
0.27193013808697264
0.09677293009927927
0.41930537797648165
0.28094483444263574
0.29864527453150835
0.11660617479361912
0.10183319694480755
0.38800515460493556
0.38319316277825205
0.42183646120267987
0.3412477106150313
0.36403433903960214
0.3487491935474547
0.19341406360448554
0.2927541630788536
0.37821686900507223
0.23224340679554292
0.0608029604542411
0.2651735280905695
0.18969449122206997
0.4460403569185192
0.4571487722831596
0.463786588853106
0.2539547203735343
0.3279283458318296
0.2935097954072402
0.3360431519909311
0.2560019531175495
0.2514060460689042
0.26248809496813374
0.23612920192132109
0.2821134523556082
0.3626044677055153
0.48227067088928416
0.44140344357514927
0.4490267252625393
0.4114766092987546
0.26729010456805163
0.44484604078265116
0.2538858010996284
0.24645486402179215
0.46215365410218273
0.2716615541441225
0.3568094729684178
0.29710772457140866
0.24644674881198986
0.2988109770406704
0.21791053209975886
0.2954268098869837
0.22700881040171103
0.36634955984687617
0.498176675487723
0.24096887765850603
0.40406435131053076
0.3973109613388486
0.4874935897014442
0.2523529274646918
0.2340939982143927
0.20348218595248083
0.46600965655230797
0.30555523232306164
0.36944417710934346
0.26218504915421853
0.2558202493939836
0.4573980760781576
0.4474516733681973
0.2873273394579778
0.4262769053092132
0.47217899148522074
0.1818185909086307
0.32843416387458824
0.06140032573203503
0.19003157632351517
0.07349829930005199
0.2732636089932211
0.39849341274354827
0.42047592083257285
0.42842152140152795
0.15132745950421544
0.26812683565805195
0.3498642593921249
0.2630437226013955
0.16867127793432998
0.1042017274328981
0.07305477397131559
0.05178802950489637
0.1821235844145397
0.30066093860027787
0.4816980381940535
0.2929607482240584
0.49025095614389164
0.397899484794841
0.4727049819919397
0.22232408776378704
0.01392838827718404
0.4023779318004406
0.21554117936023257
0.24681369491987298
0.17923448328934943
0.007615773105863959
0.15461565250646522
0.17400287353949065
0.14660491124106342
0.045354161881794176
0.213002347404905
0.42502941074706835
0.15539626765144643
0.3070016286601751
0.31479834815322677
0.406433266355007
0.48203734295176776
0.07334848328356926
0.29613848111989766
0.12116517651536673
0.3968941924493229
0.3059967320086932
0.27624083695210594
0.0945145491445632
0.12615070352558463
0.42736986323324216
0.25749757280409474
0.4833932146813811
0.41356257084025383
0.2020396000787964
0.2586445437274873
0.19028662590944231
0.009999999999999976
0.16648123017325397
0.16007810593582122
0.15852129194527795
0.031575306807693874
0.203686032903584
0.4368065933568312
0.14173919711921612
0.3189106457928302
0.32622078413246464
0.4183897704294406
0.49344705896377583
0.08405950273467018
0.2823118842698621
0.10728000745712127
0.4083882956207242
0.2922464713217254
0.287716874722356
0.10568348972285138
0.11317243480636077
0.379458825170795
0.06060528029800667
0.15749603169603968
0.12587295182047656
0.24959567303941788
0.19864541273334266
0.43653293117472824
0.22327785380552173
0.4035864219718002
0.2484552273549503
0.2565170559631462
0.4360561890398987
0.039012818406262355
0.100687635785135
0.0881022133660668
0.04118252056394804
0.08072174428244233
0.32950872522590335
0.1524631102922933
0.20978083801910996
0.4997129175836861
0.016401219466856652
0.12658988901172175
0.30793668180325623
0.4560844220097855
0.3854516830940034
0.21160340261914498
0.36514106862964607
0.059203040462462685
0.35745908856818853
0.17387639287723916
0.12121056059601401
0.060876925020897636
0.4855687386972106
0.28178360491696464
0.12083045973594564
0.10707474025184471
0.09297311439335575
0.4832276896039793
0.30364617567161956
0.09123595782365637
0.27929375216785624
0.32074444656143297
0.3553941473913153
0.07121797525905949
0.2486463351831273
0.0922008676748763
0.4055539421581303
0.10020977996183805
0.2831960451701259
0.4564482446017291
0.17821616088334966
0.39527838291513
0.06030754513325822
0.06946221994724905
0.15979048782702912
0.23581560592971776
0.1751713446885649
0.3095351353239239
0.363616556278726
0.351283361405006
0.1505855238726484
0.03178049716414109
0.15326447729333761
0.37095147930693045
0.21362116000059547
0.08004998438475808
0.3332641594891356
0.34760466049810085
0.3713892836364562
0.3794271998684331
0.10159724405711007
0.21953131895016714
0.4112626897738234
0.21140009460735806
0.1216716893940411
0.045343136195018494
0.45362980501726285
0.042201895692018314
0.08440379138403685
0.12920139318134302
0.24982593940581926
0.4318668776370791
0.31090995481007033
0.26342740935597425
0.24960969532452057
0.49582658258709783
0.3874596753211874
0.3976128770550572
0.40412003167375893
0.21208488866489283
0.27294688127912364
0.35305098781904015
0.28285685425670704
0.2102807646933023
0.2222836026341124
0.4763297177376191
0.2501379619330101
0.23926972228010807
0.2371181140275875
0.3069674249818701
0.4557115315635538
0.3178002517305486
0.42191112808268044
0.44693847451299173
0.4549999999999999
0.1799388785115657
0.29650295108143543
0.37943774192876506
0.28641578168809056
0.20060907257649155
0.11986659251017363
0.04640043103248085
0.033526109228480455
0.20488289338058463
0.32500000000000023
0.43997840856114745
0.28608565151017273
0.3988546101024783
0.4964524146381001
0.10401922899156685
0.49988498677195736
0.4083833982913605
0.3707249654393402
0.34221046155838086
0.2846840353795766
0.4307249702536411
0.25372820103409877
0.34766938317890456
0.11995415791042845
0.1803136156811239
0.030016662039607518
0.3344278696520373
0.03712142238654109
0.2133354166564942
0.3913374502906665
0.2475176761364731
0.3247352768025058
0.1308625232830239
0.13620939761998807
0.22989780338228538
0.3032902899863429
0.10623088063270487
0.37566474415361345
0.4405825688789788
0.43200115740585693
0.2802427519134081
0.2184032966784155
0.46998829772665635
0.0979489663038868
0.08472307831990049
0.3014448539948891
0.15648642113614836
0.16875129629131738
0.14852945835759335
0.03956008088970487
0.21325102578885732
0.42680674783794137
0.15116216457830972
0.3089142275778181
0.3162277660168381
0.4083944171998437
0.4834563061952963
0.07409453421137097
0.29013100489261745
0.11543396380615188
0.3983930220272439
0.3014962686336268
0.2777210831031737
0.09569221493935666
0.12304470732217607
0.17860011198204795
0.3199031103318628
0.475391417676003
0.25872379094315995
0.31620404804492924
0.008062257748298269
0.19162724232217065
0.3650588993573499
0.2704144966528239
0.3042663307038752
0.15243359209832988
0.1605241414865692
0.2519087136245986
0.32764920265430236
0.08343860018001241
0.4008802813808632
0.42671770528066916
0.4557477372406803
0.26162759793263385
0.24243968322038387
0.45168573145495755
0.1219385090937231
0.06152235366108788
0.2790340481016607
0.3088041450499006
0.12928263611173782
0.15349592828475922
0.03312099032335837
0.4652279011409354
0.46882512731294607
0.23382258231402722
0.12619429464123963
0.05464430436925707
0.13559129765586003
0.4315228846770468
0.2552802381697417
0.06815423684555492
0.18385320231097418
0.35699999999999993
0.27842593270024246
0.29658219771253985
0.16041508657230447
0.16858528998699737
0.2598788179132726
0.33570373843613943
0.07569015788066508
0.40894253875086145
0.41994880640382837
0.46378119841149223
0.254200708102869
0.25049151682242643
0.4442352980122135
0.12999999999999967
0.05381449618829485
0.27115493725912504
0.1793376703316958
0.3270535124410073
0.40301985062773255
0.460097815687056
0.18964440408300998
0.4608047308784925
0.1130707742964557
0.34347780132055095
0.34952110093669597
0.4428916346015127
0.10818964830333813
0.25078476827750135
0.07589466384404112
0.4316897033750051
0.26268802789621015
0.31127158559688645
0.13011533345459328
0.0882326470191165
0.12580143083447004
0.28624814409878707
0.24044126101815372
0.16573774464496607
0.1891877374461674
0.48691375006257487
0.3069609095634165
0.11485643212288972
0.11815244390193554
0.4878780585351221
0.11173182178770731
0.021213203435596555
0.06087692502089764
0.35311471223952134
0.135723984615837
0.18560711193270585
0.03220248437620927
0.14957606760441347
0.33126575434234057
0.45543166337003843
0.46048887065813016
0.22090722034374533
0.15526107045875984
0.049648766349225784
0.15076471735787528
0.422574253830022
0.24276943794472988
0.03701351104664352
0.35165466014258945
0.49374588605881053
0.2000249984376953
0.02163330765278414
0.09948869282486326
0.17666352198459087
0.2354782367863322
0.25101593574910736
0.30372685096974894
0.41109731208072847
0.09178779875342918
0.035341194094144664
0.2135720019103626
0.4312586231021936
0.36471632812365284
0.4111119069061367
0.1973068675946177
0.49954479278639274
0.452527347239921
0.41199029114774066
0.48737049561909257
0.3486617271797982
0.4260751107492669
0.3026962173533064
0.41326625799839983
0.3867453942841466
0.09542536350467823
0.16724233913695408
0.24226019070412708
0.2403934275307873
0.2958006085186438
0.4151204644437564
0.08220097323024822
0.03858756276314979
0.22053797858872293
0.4376528304489759
0.08200000000000007
0.334950742647333
0.1567322557739791
0.20515360099203733
0.026925824035672574
0.1322459829257586
0.31305111403730845
0.42278718050574804
0.49381778015782307
0.4094532940397475
0.07494664769020686
0.12907362240210046
0.08523496934944012
0.20579844508644876
0.3877641035475047
0.229401394939089
0.3844437540135097
0.4411632350955822
0.396102259523977
0.48188484101494605
0.34796838936891966
0.17917868176767013
0.32445184542548056
0.36901219492043913
0.20380628057054545
0.02193171219946133
0.19578048932414077
0.2326478024826368
0.06579513659838403
0.15924823389915496
0.2789587783167973
0.46035855591049873
0.1751713446885649
0.08296987405076624
0.3682132534279559
0.1922602402994441
0.2136000936329383
0.3342289634367437
0.49672930253811276
0.19006577808748232
0.3776056143650407
0.20064396327824072
0.052392747589718985
0.1206731121667128
0.302711083378194
0.39060081925157325
0.18384776310850248
0.18204395073717747
0.39934070666537336
0.21769014676829085
