0.43389399627097874
0.4180155499499988
0.08544003745317547
0.3520979977222252
0.21914607000811112
0.49992999509931385
0.36201933650013773
0.4304706726363597
0.15788920165736486
0.4271826307330391
0.16980577139779454
0.11150336317797784
0.0922008676748763
0.20500000000000013
0.20402205763103168
0.2739288228719278
0.009848857801796012
0.0813941029804985
0.024413111231467253
0.11395174417269797
0.04356604182158393
0.11150336317797784
0.2678002987302292
0.13080137613954987
0.1318256424221026
0.18315294155431963
0.10207840124139886
0.016552945357246964
0.08692525524840299
0.2127016690108472
0.0526972485050216
0.08146778504415093
0.09000000000000008
0.049406477308142516
0.2341815535006976
0.1480033783398205
0.061294371682888066
0.04280186911806561
0.025059928172283554
0.1560416611036936
0.20944211610848476
0.30041304898422766
0.04186884283091668
0.40626223058512345
0.031890437438203974
0.43333589742831136
0.2693863396685141
0.07392563831310495
0.009848857801796113
0.11020889256316843
0.2829699630702877
0.11650321883965256
0.21023082552280475
0.13314653581674601
0.1223192544123778
0.0378021163428717
0.07683749084919421
0.11840608092492533
0.1600000000000001
0.23980408670412628
0.23541665191740363
0.3108761811396943
0.131764942226679
0.2882099928871309
0.03590264614203261
0.21849713956937736
0.0983107318658549
0.2372867463639721
0.05883026432033115
0.01615549442140363
0.05903388857258161
0.051039200620699214
0.04254409477236543
0.1160387866189579
0.205204775772885
0.19085072700935662
0.1731040149736567
0.031048349392520075
0.030805843601498663
0.16161683080669528
0.09044335243675997
0.22784643951574057
0.010000000000000009
0.05872818744010415
0.07762087348130003
0.03522782990761701
0.03448187929913317
0.10423531071570692
0.16024044433288395
0.0912852671574117
0.19320973060381816
0.2834801580357964
0.19416487838947605
0.05872818744010415
0.09800510190801275
0.03905124837953341
0.03820994634908556
0.08798295289429639
0.06801470429252789
0.15367498169838842
0.2549392084399732
0.38233493170255856
0.22240728405337826
0.2502338905903835
0.07981227975693975
0.21920082116634526
0.06741661516273276
0.02193171219946133
0.10971326264403947
0.12700393694685214
0.14508618128546905
0.30934285186504623
0.039698866482558284
0.4367264590106718
0.1280039061903973
0.2791791539495739
0.1380036231408438
0.11036756769993607
0.09982484660644371
0.16123585209251712
0.05966573556070534
0.11542096863222027
0.2860856515101728
0.0404598566482876
0.03860051813123758
0.04808326112068535
0.13368993978605875
0.24662927644543764
0.2882117277280715
0.009899494936611753
0.07000000000000006
0.06573431371817896
0.14148498153514374
0.039999999999999945
0.11884864324004706
0.20302955449884658
0.38740805360756253
0.0742495791233864
0.3520695953927294
0.1113956911195401
0.18542114226808146
0.22882526084329066
0.22080081521588638
0.12888754788574422
0.05382378656319154
0.03551056180912925
0.02121320343559621
0.34283086208799823
0.14648549416239157
0.13901438774457867
0.3297059295796787
0.2602037663063316
0.05830951894845286
0.1598061325481599
0.482411649942246
0.13473306943731386
0.019697715603592025
0.09372299611087986
0.09261749294814661
0.16293557008830198
0.10183319694480793
0.033015148038438455
0.1346291201783625
0.2248910847499297
0.1358712625980932
0.0
0.15648642113614833
0.019849433241279153
0.02051828452868329
0.09563472172804183
0.009433981132056611
0.0952102935611481
0.19746645284705971
0.32374835906920063
0.16419500601419046
0.19155155963865184
0.02193171219946133
0.16089748288895026
0.12509996003196813
0.036796738985948235
0.05099019513592773
0.06879680225126734
0.0866083136886984
0.25217850820401005
0.09841239759298614
0.38369388840584884
0.06997142273814366
0.3145313974788526
0.07992496481075241
0.16065490966665164
0.04161730409336966
0.10324727599312256
0.003605551275464085
0.1736577093019483
0.22798245546532742
0.09915644204992416
0.02193171219946133
0.010816653826391884
0.07648529270389175
0.18821530224718727
0.22982819670353763
0.04883646178829909
0.12854960132182452
0.12401612798341982
0.20021238722916218
0.020615528128088423
0.17670880000724357
0.14549914089093466
0.32869438693108227
0.025298221281347056
0.3107571399018856
0.05280151512977622
0.1273184982632141
0.17042300314218142
0.16254230218623084
0.07017834423809098
0.009055385138137412
0.09386160024205845
0.0799312204335701
0.28460498941515416
0.09024965373894803
0.08070935509592446
0.2709778588741154
0.20194306128213463
0.11640017182117898
0.10151354589413188
0.23663685258217915
0.10121264743103985
0.39427148007432644
0.2054117815511077
0.2421321952983535
0.16443843832875588
0.410640962399028
0.46204978086781956
0.3789775718957522
0.4240754649823542
0.37696153649941516
0.49900100200300196
0.3298620923962013
0.4810665234663497
0.32186487848163864
0.4402022262551611
0.11280070921762846
0.11183022847155391
0.18181309083781594
0.08261961026293974
0.019026297590440482
0.11562439189029283
0.20588346218188608
0.11871394189394954
0.019697715603592025
0.17560182231400648
0.038600518131237334
0.039661064030103825
0.1103539759138743
0.010440306508910346
0.07605918747922583
0.17786792853125635
0.3047310289419181
0.14484474446799953
0.1727425830535136
0.0022360679774999902
0.14160508465447164
0.1429475428260311
0.05580322571321472
0.03280243893371348
0.04940647730814254
0.06747592163134943
0.23603813251252437
0.11729023829799284
0.370341734078135
0.05047771785649608
0.33179813139919856
0.060464865831324134
0.49883163492304705
0.18024982662959743
0.02668332812825274
0.08376156636548795
0.018027756377319685
0.19168985366993194
0.20858571379651114
0.11806777714516321
0.04162931659299713
0.03041381265149083
0.056797887284651856
0.1690118339052035
0.21060151946270486
0.06780117993073553
0.1476109752017105
0.14322011031974496
0.2189086567497958
0.04031128874149268
0.1960867155112756
0.12589678312014208
0.3099741924741479
0.017088007490635156
0.29387412271242974
0.033941125496954314
0.10789810007595166
0.1512084653714865
0.14322011031974535
0.05166236541235808
0.02404163056034256
0.11300442469213294
0.098716766559688
0.2652772134956188
0.07057619995437582
0.06140032573203532
0.25244603383693726
0.1826280372779603
0.13566502865513994
0.08220097323024857
0.4030334973671542
0.41678891539963003
0.003162277660168347
0.06931089380465373
0.19541238445912296
0.12589678312014183
0.2283265205796295
0.3185969240278382
0.22848413511664217
0.09372299611087986
0.0628012738724302
0.07420242583635668
0.07324616030891985
0.09650906693155827
0.10307764064044153
0.18883061192507958
0.2901465147128259
0.4174553868379232
0.25761987500967404
0.2852718002186686
0.11500000000000003
0.2544012578585257
0.03765634076752551
0.05700877125495686
0.14469277798148727
0.16220049321749908
0.18023595645708426
0.3426047285137786
0.006082762530298207
0.4669528884159514
0.1632176461048254
0.2576082296822055
0.1732166273773971
0.0817435012707432
0.1343577314485475
0.19645864704817664
0.09481033698917023
0.08249242389456134
0.3213098193333033
0.006324555320336694
0.07283543093852057
0.08297590011563608
0.16890825912311097
0.28181021982887716
0.3234022263374202
0.04500000000000004
0.03482814953453611
0.030528675044947336
0.10679419459877015
0.07424957912338619
0.0837257427557379
0.2382477701889361
0.4223837118071671
0.10917875251164949
0.3819554947896419
0.1464923206178398
0.2206399782451043
0.26400757564888166
0.2560078123807943
0.1638932579455299
0.08905054744357267
0.0014142135623730178
0.014866068747318727
0.37804761604856074
0.18161773041198384
0.17420103329199876
0.36458880948268285
0.2954132698441287
0.023259406699225937
0.1950000000000001
0.09541488353501248
0.07072481884034768
0.19440164608356597
0.12457929201917953
0.22724656213021116
0.3175059054568907
0.227008810401711
0.09261749294814661
0.06389053137985312
0.07323933369440222
0.07220110802473861
0.09338094023942999
0.10200490184299962
0.18780042598460733
0.2893803725203215
0.41636162167039364
0.25667489164310564
0.2841161734220703
0.11403946685248922
0.25342849090029324
0.04044749683231344
0.05603570290448747
0.1435339681051142
0.16123585209251676
0.1792010044614704
0.34082840257232067
0.009000000000000008
0.46468591543105753
0.16228986413205232
0.2556247249387273
0.17228464818433475
0.0803990049689672
0.13300375934536585
0.1955556186868585
0.09381364506296513
0.08459905436823749
0.3204028713978699
0.009055385138137412
0.07150524456289893
0.08183520025025906
0.16811900546934
0.28080064102490937
0.32240502477473876
0.04410215414239984
0.03606937759374306
0.0314006369362151
0.1083005078473781
0.0729177618965364
0.08438009243891602
0.2374531532744934
0.42117217381968614
0.10867382389517721
0.38275318418009285
0.14541664278891858
0.2197180010832068
0.26300190113381294
0.2550490148971368
0.162742127305747
0.08820430828479961
0.0020000000000000018
0.01513274595042168
0.37710741175426393
0.18096684779262748
0.1732166273773971
0.363324923450071
0.29445712760943643
0.02385372088375315
0.19402319448973107
0.2644125564340696
0.19520758181996928
0.29743066418915165
0.3876957570054127
0.29773310195542574
0.16293557008830198
0.010000000000000009
0.14328293687665672
0.14242541907960088
0.14675830470538967
0.1722469157924169
0.25787012234844103
0.35841456443621267
0.48654393429576326
0.326441418940673
0.354468616382325
0.18399184764548665
0.3232893440866865
0.04438468204234401
0.1261507035255847
0.21392522057952845
0.2311384866265242
0.24928898892650656
0.4112055447096985
0.06453681120105019
0.2320775732379154
0.2362244695199886
0.24207436873820407
0.06664833081180664
0.2036663938896154
0.2652244332636041
0.1638932579455299
0.024351591323771862
0.38999999999999985
0.06378087487640795
0.1421442928857855
0.1522268044727997
0.2374068238277913
0.35076630396889613
0.39231747348289225
0.11410959644131594
0.03471310991541937
0.040000000000000036
0.46076132650212726
0.03764306044943746
0.14355835050598745
0.024041630560342742
0.3066626811335218
0.4916299421312741
0.17696327302578907
0.4374768565307199
0.21562931155109666
0.2894304752440559
0.33296246034650795
0.3248630480679511
0.23311156127485386
0.15789236840328902
0.06929646455628163
0.083096329642169
0.44680644579056816
0.46502150487907556
0.24963373169505756
0.2431666095499134
0.43387671059875976
0.36424305072300267
0.047801673610868456
0.2639337037969952
0.07155417527999335
0.033241540277189084
0.12332882874656675
0.047042533945356284
0.10183319694480793
0.258213090295593
0.12121056059601418
0.12220065466273113
0.17366634676873943
0.09241753080449634
0.0067082039324995735
0.09677293009927927
0.22214634815814543
0.0624339651151518
0.09052071586106666
0.08043009387039173
0.05907622195096764
0.22489997776789603
0.1384052022143679
0.05147815070493534
0.033301651610693705
0.015264337522474046
0.16254230218623075
0.1999024762227823
0.3056354037084054
0.03252691193458129
0.39698866482558426
0.02267156809750936
0.4381152816325858
0.25953805116013356
0.06407807737440334
0.007071067811865403
0.10060318086422526
0.273695085816315
0.12624579200908023
0.20068383093812017
0.12342204017111388
0.11264546151532259
0.02952964612046693
0.08640023148117135
0.12800390619039695
0.1504160895649134
0.2302281477143925
0.22580079716422619
0.3014249491996309
0.12203687967167988
0.2785390457368591
0.04560701700396554
0.22770595073471386
0.08927485648266273
0.24400819658363934
0.04909175083453463
0.026000000000000023
0.06860029154456974
0.0607453701939495
0.032695565448543865
0.10652699188468646
0.1956016359849785
0.1813201588351389
0.1827840255602221
0.026019223662515394
0.021260291625469316
0.17059015211904802
0.10012492197250371
0.21821319850091575
0.002236067977499742
0.23249946236496985
0.2770415131347647
0.3472232711095267
0.4776107201476952
0.3327701909726892
0.36158124951385406
0.25238462710712
0.4361651063530873
0.36799184773578886
0.2050609665440988
0.4359013649898334
0.10346496991735876
0.1934373283521048
0.1029417310909428
0.033015148038438455
0.1884303584882224
0.05280151512977639
0.05326349594234329
0.10829589096544717
0.024596747752497757
0.06484597134749376
0.16825278600962307
0.29220027378495045
0.133843191832831
0.1598061325481596
0.018027756377319955
0.13036103712382777
0.15805062480104295
0.06942621983083924
0.020248456731316294
0.04026164427839451
0.056364882684167554
0.21920766409959283
0.13081666560496033
0.35196164563770294
0.04197618372363064
0.3320240955111542
0.05124451190127577
0.48007603564435497
0.18804254837669065
0.00860232526704257
0.07409453421137079
0.03312099032335842
0.20652602741543258
0.1975904856009012
0.1315218613006978
0.053075418038862524
0.04327817001676484
0.05035871324805651
0.15730543537970965
0.19887936041731413
0.0813941029804986
0.16063934760823723
0.15587815754620657
0.2326392056382587
0.05166236541235817
0.2080384579831336
0.1166190378969061
0.2966647940015801
0.03535533905932739
0.296141857899217
0.023537204591879336
0.09750897394599133
0.13960659010232987
0.13209844813622887
0.03894868418830073
0.04024922359499635
0.12593649193144935
0.11248555462813875
0.25387004549572195
0.0652763356814703
0.05126402247190523
0.23875719884434887
0.17132717239247236
0.14816544806398022
0.07158910531638173
0.41911931475416403
0.13423859355639867
0.4284880395063553
0.434117495616106
0.20408331631958546
0.4889795496746259
0.09027181176868025
0.031144823004794826
0.1346291201783625
0.29110994486619635
0.15415900881881653
0.15508062419270824
0.20082081565415458
0.1252517464948093
0.03962322551231781
0.06746851117373227
0.18912958520548834
0.03132091952673189
0.0572800139664788
0.11345483682946257
0.027513632984395443
0.25811818998280617
0.1713271723924725
0.0838152730712011
0.06648308055437867
0.048166378315169185
0.1331953452640144
0.2328991197922395
0.27903404810166094
0.06576473218982938
0.42221440051234616
0.0559016994374946
0.4124851512478965
0.29069743720920543
0.09552486587271386
0.03413209633175189
0.13354400023962124
0.3069136686431543
0.09436630754670872
0.2336685687036232
0.15601281998605107
0.14541664278891858
0.06220128616033589
0.05385164807134528
0.09541488353501257
0.18335757415498263
0.26315394733881536
0.2586445437274869
0.33452055243288104
0.15461565250646522
0.3112185727105629
0.02418677324489596
0.19448650338776735
0.12249489785293093
0.23380547470065816
0.0818352002502591
0.014035668847618182
0.036235341863986914
0.02941088233970551
0.06463745044476918
0.13960300856356928
0.228484135116642
0.21433618453261663
0.15041608956491334
0.05462600113499056
0.054451813560247704
0.1373608386695423
0.06800000000000006
0.2510179276466124
0.03405877273185265
0.09254188241007419
0.22924441105510074
0.15086417732516913
0.420676835587604
0.3937067436557318
0.02102379604162861
0.2845241641759096
0.3763110415600371
0.09714422267947813
0.2248910847499297
0.38137645443839346
0.2444299490651668
0.24535076930794433
0.2850438562747846
0.21552030066794184
0.12983451005029453
0.04318564576337835
0.0988584847142621
0.06248199740725325
0.0340000000000002
0.20370812453115375
0.06511528238439884
0.348129286329088
0.26159892966141907
0.1740114938732499
0.15663013758533212
0.13840881474819464
0.0837257427557381
0.3231671394185987
0.22573657213663906
0.15579473675320363
0.14583552379307319
0.35850383540486713
0.3794232465202944
0.18531055015837614
0.12304470732217622
0.22381465546295223
0.3969143484430867
0.019798989873223153
0.32393826572357887
0.24620519897028997
0.23567138137669585
0.1513208511739213
0.03764306044943742
0.01118033988749876
0.2736293112954094
0.3534246737283635
0.34890113212771323
0.42475051500851657
0.24480400323524149
0.4014000498256074
0.08462860036654271
0.10480458005259112
0.212150889698818
0.21821548982599742
0.17210461934532753
0.09900505037623075
0.05517245689653505
0.06378087487640806
0.1548063306199073
0.22983907413666654
0.4323424568556736
0.31875068627377107
0.3045997373603595
0.06203224967708314
0.14111342955225775
0.14458907289280196
0.05008991914547272
0.026925824035672577
0.34126382755867934
0.12390722335683263
0.43672989364136733
0.16451443705644817
0.4455434883375582
0.1358712625980932
0.2906286290096004
0.15570806016388486
0.1562049935181332
0.18792817777012574
0.12700393694685216
0.05063595560468864
0.0874642784226797
0.19349418595916532
0.052886671288709566
0.06360031446463134
0.11676472069936192
0.049040799340957064
0.2609693468589751
0.17235138525698018
0.08598255637046398
0.07409453421137087
0.05700877125495693
0.11810588469674142
0.23355513267749003
0.258940147524481
0.0743303437365925
0.4050049382414984
0.06621933252457318
0.3911547008537671
0.28402288640178275
0.0943663075467086
0.052086466572421664
0.13560235986147137
0.3094672842159571
0.10688779163215974
0.2342327901895888
0.1557241150239744
0.14621901381147387
0.07473285756613353
0.06718630812896347
0.10508092119885509
0.18428781837115546
0.26305892875931824
0.25809494377069836
0.33527600570276417
0.15431137352768276
0.3094333530826953
0.054671747731346795
0.1961249601657066
0.1292942380773405
0.2636228366435656
0.08558621384311853
0.04304648650006187
0.05333854141237829
0.050960769224963565
0.068
0.14241137595009756
0.22844911906155377
0.21533694527414457
0.1591760032165653
0.07300684899377594
0.06360031446463132
0.13787675656179327
0.08149846624323671
0.2503197954617252
0.04901020301937137
0.15648642113614833
0.019849433241279153
0.02051828452868329
0.09563472172804183
0.009433981132056611
0.0952102935611481
0.19746645284705971
0.32374835906920063
0.16419500601419046
0.19155155963865184
0.02193171219946133
0.16089748288895026
0.12509996003196813
0.036796738985948235
0.05099019513592773
0.06879680225126734
0.0866083136886984
0.25217850820401005
0.09841239759298614
0.38369388840584884
0.06997142273814366
0.3145313974788526
0.07992496481075241
0.16065490966665164
0.04161730409336966
0.10324727599312256
0.003605551275464085
0.1736577093019483
0.22798245546532742
0.09915644204992416
0.02193171219946133
0.010816653826391884
0.07648529270389175
0.18821530224718727
0.22982819670353763
0.04883646178829909
0.12854960132182452
0.12401612798341982
0.20021238722916218
0.020615528128088423
0.17670880000724357
0.14549914089093466
0.32869438693108227
0.025298221281347056
0.3107571399018856
0.05280151512977622
0.1273184982632141
0.17042300314218142
0.16254230218623084
0.07017834423809098
0.009055385138137412
0.09386160024205845
0.0799312204335701
0.28460498941515416
0.09024965373894803
0.08070935509592446
0.2709778588741154
0.20194306128213463
0.11640017182117898
0.10151354589413188
0.13700364958642522
0.13603308421115778
0.13703284277865654
0.16585837331892522
0.251628694707102
0.35279030598926614
0.4802343178074637
0.3204122344730301
0.3480057470789813
0.17780044994318764
0.31720025220670933
0.043011626335212834
0.11980818002123211
0.20742227459942655
0.22499999999999978
0.24303291958086645
0.40344764220404095
0.058523499553598084
0.22600884938426632
0.23048210342670863
0.2360084744241189
0.05798275605729701
0.19682479518597237
0.25923734298900686
0.15761027885261797
0.033955853692699316
0.3840833242930496
0.05768882040742388
0.1353698637068087
0.14571547618561315
0.2316074264785133
0.34461137532008435
0.3862033143306772
0.10780074211247334
0.02801785145224355
0.03255764119219944
0.47053267686739875
0.04579301256742128
0.1367808466123819
0.023194827009486534
0.3009352089736262
0.48505669771687504
0.1715109325961467
0.43587383495686
0.20927493877672
0.2834254752135031
0.3268088126106759
0.3188040150311785
0.22662965384079803
0.15182226450688957
0.06262587324740466
0.07710382610480501
0.44083557025267356
0.4718315377335433
0.24412496799794975
0.2370021096952515
0.4271873125456793
0.35820804011077123
0.0403112887414927
0.25780031031788925
0.4874033237473868
0.1839673884143601
0.42296571965113205
0.012529964086141786
0.22014540649307224
0.0022360679774999902
0.09097252332435335
0.028999999999999946
0.11463420083029316
0.2162614158836477
0.34328559538669845
0.18343936327844146
0.21119185590358347
0.04080441152620628
0.18020543831971336
0.10526157893552629
0.017204650534085385
0.07072481884034752
0.088005681634767
0.10604244433244625
0.271823472128512
0.07874642849044013
0.4022747817102136
0.08905054744357273
0.3035061778613411
0.09904544411531506
0.14406942770761613
0.061400325732034994
0.1223192544123778
0.020615528128088322
0.15380832227158578
0.24716391322359332
0.07951100552753679
0.00921954445729298
0.009848857801796113
0.09501578816175751
0.20760780332155154
0.24920072231034954
0.029206163733020513
0.10901834707974638
0.10462313319720447
0.1804799157801222
0.00921954445729304
0.1575436447464639
0.1643045951883271
0.3483819742753634
0.03765634076752538
0.3225027131668818
0.0723463889907435
0.14647866738880455
0.18980516325959088
0.18181859090863053
0.0898721313867652
0.015231546211727627
0.0744043009509531
0.060207972893961376
0.30387168344549637
0.1082266141020775
0.10000000000000009
0.2907249559291393
0.22122612865572627
0.09708243919473802
0.12080149005703533
0.1475127113166861
0.48774788569505867
0.22530423875284722
0.29046170143411343
0.25203967941576183
0.45452612686181193
0.08875246475450685
0.02983286778035271
0.11560276813294751
0.21746264046957609
0.3442092386906548
0.18449119220168772
0.21204952251773648
0.04188078318274398
0.18123189564753794
0.10480935072788115
0.016278820596099645
0.071505244562899
0.08905054744357273
0.10700467279516349
0.2720827080135744
0.07789736837660162
0.4020572098594926
0.0901387818865999
0.3013784995649157
0.10012492197250411
0.14236923825040285
0.06184658438426503
0.12342204017111388
0.02163330765278414
0.15326447729333745
0.24824383174612827
0.07864477096412678
0.007071067811865403
0.010000000000000142
0.0962548700066652
0.20860009587725528
0.2502039168358482
0.028319604517012462
0.1080740486888504
0.10360019305001295
0.1796941846582686
0.007211102550927985
0.1564257012130678
0.16549622352186802
0.3492062427849767
0.03945883931389786
0.324556620638064
0.07324616030891992
0.14755676873664622
0.1908009433938942
0.18285786830213244
0.09068627239003715
0.016763054614240228
0.07340980860893163
0.059413803110051525
0.30492130132216094
0.10959014554238006
0.10101980003939849
0.2914961406262527
0.22226560687609775
0.09602083107326227
0.12182774724995964
0.27612316092642425
0.10153324578678649
0.16732304085211927
0.2682629307228266
0.3805955858913764
0.2321077336066165
0.25128867861485515
0.11205802068571441
0.2282323377613261
0.1323782459469833
0.0862786184404918
0.12700393694685194
0.1470136048126157
0.15980300372646297
0.2861118662341705
0.1022594738887307
0.3927301872787473
0.14900335566691109
0.22403571143904713
0.15715597347857957
0.1056030302595527
0.11300442469213316
0.17801685313475243
0.09916148445843284
0.16787197502859139
0.2934655005277451
0.1021077861869505
0.08183520025025905
0.08989438247187649
0.15801265772082937
0.2526994261964203
0.29261749776799056
0.0862148479091623
0.11742657280190034
0.11136426715962348
0.18119878586789706
0.08215229759416337
0.14707821048680192
0.2189794510907361
0.3817250319274333
0.12090492132250036
0.4037672596930069
0.13103434664239733
0.1989271223337835
0.23612284938141828
0.2301695027582932
0.142425419079601
0.10017983829094544
0.09535197952848172
0.09518928511129812
0.34707059800565065
0.17301156030739684
0.15632018423735317
0.3238348344449682
0.26725456029785527
0.1050761628534274
0.1743932338137005
0.08580209787645054
0.18804254837669068
0.31437875246269437
0.15476756766196215
0.18222239159883724
0.012649110640673528
0.151476070717457
0.1340634178290261
0.04609772228646449
0.041725292090050006
0.05936328831862319
0.07720103626247501
0.2437067910420224
0.1077125805094279
0.37632432820640227
0.0605392434706613
0.32205123815939596
0.0704911341943085
0.16981460479004742
0.03312099032335842
0.0938136450629652
0.00860232526704257
0.1827019430657484
0.2185520532962342
0.10846658471621558
0.031304951684997084
0.020248456731316512
0.06711929677819929
0.1788071586933813
0.22041778512633678
0.05813776741499451
0.137905764926634
0.13340539719216749
0.20947553556441853
0.029966648127543523
0.1861316738225926
0.13607718398026927
0.319394740094448
0.020615528128088322
0.30338918899657596
0.043416586692184685
0.11788553770501302
0.1610124218810461
0.15311760186209805
0.06087692502089767
0.01565247584249859
0.10323274674249439
0.08919641248391087
0.27518175811634027
0.08099382692526642
0.0712811335487871
0.261725046566048
0.19252012881774203
0.1258014308344702
0.09208691546577079
0.13678084661238207
0.10346980235798285
0.2286744410728931
0.06911584478251002
0.0968762096698668
0.07387827826905549
0.06573431371817931
0.21850629281556183
0.1318218494787568
0.044777226354476354
0.02687005768508891
0.008602325267042726
0.16737084572887828
0.19334942461771118
0.3095706704453766
0.026248809496813325
0.3908004605933825
0.016643316977093193
0.44172615951514577
0.2528339375954106
0.05738466694161424
0.011180339887499068
0.09402127418834517
0.2673013280924731
0.13292479076530456
0.19412624758130967
0.11676472069936195
0.10601886624558848
0.024351591323771862
0.09300537618869151
0.1346179779969971
0.14384018909887455
0.22365151463828734
0.21920082116634496
0.2949203282244206
0.11537764081484776
0.2719062338380641
0.052201532544552995
0.23410467744152402
0.08309632964216893
0.2484854120466634
0.042438190347846017
0.032695565448543865
0.07521303078589502
0.06741661516273263
0.026000000000000023
0.10000499987500633
0.18901058171435792
0.17477413996355393
0.1894333655932872
0.02404163056034267
0.014866068747318368
0.17686718180600944
0.10678014796768168
0.21160340261914498
0.007071067811865592
0.13261221663180203
0.03634556369077253
0.037483329627982814
0.1756359872008013
0.040311288741492785
0.3172333525971066
0.2334202219174682
0.14807092894960877
0.1288254633215036
0.11189280584559519
0.1217579566188593
0.2942685847996691
0.26732003291934564
0.1275343091093531
0.48947012166219106
0.117647779409558
0.4006494727314639
0.35628780501162277
0.16085086260259857
0.0943663075467087
0.19586219645454817
0.365759483814159
0.03413209633175194
0.2951016773927251
0.21931712199461326
0.2082546518087892
0.12126417442921895
0.024413111231467426
0.04049691346263308
0.24528350943347182
0.3247799254880144
0.3206696119060863
0.3948164130326905
0.21795871168641118
0.37375526752140914
0.05197114584074508
0.14183441049336362
0.18146349495146413
0.18886238376129852
0.14534441853748664
0.07077428911688192
0.03413209633175228
0.03832753579347385
0.12946814279968663
0.20118896590022053
0.4733846216344591
0.2904496514027862
0.2756882297088506
0.08982761268117938
0.1088117640698836
0.1171708154789408
0.09176055797563566
0.018973665961010362
0.3132315437499871
0.09666436778875664
0.16058953888718902
0.1324122350842249
0.30255247478743263
0.16352675622050356
0.4467941360403023
0.36045665481441747
0.2728534405134011
0.25544079548889626
0.23725513693068923
0.11851160280748918
0.4220189569201839
0.2010223868130116
0.254568261965234
0.24459149617270018
0.3193399442600316
0.4773227419681573
0.2840158446284292
0.22165062598603236
0.3226701101744629
0.4955582710438804
0.0987167665596884
0.4227919109916839
0.34503622998172245
0.3345265310853536
0.24983394485137533
0.13594851966829205
0.09475230867899749
0.372486241356644
0.45228309718582255
0.44775551364556077
0.3436335257218075
0.1817608318642935
0.01746424919657304
0.31071047616712255
0.24158021442162844
0.2709630971184086
0.1974968354176845
0.15371727293964085
0.16205246064160841
0.25364542179980315
0.3286715685908961
0.3470230539892127
0.41760866849240574
0.40344764220404106
0.04428317965096909
0.23900209204105308
0.24340295807569795
0.05756735185849716
0.12303657992645937
0.44011362169330775
0.2226791413671249
0.35524920830312906
0.3494137948049562
0.3042449670906654
0.4214949584514623
0.40340178482500555
0.48546266591778203
0.32386725675807365
0.033526109228480386
0.1426359001093344
0.0040000000000000036
0.28626211764744586
0.20064396327824088
0.11387712676389433
0.09544108130150268
0.07769813382572348
0.12100413216084813
0.2620019083899963
0.2690669061776272
0.09440338976964763
0.453124706896457
0.08440379138403681
0.40312405038647847
0.32156181365330067
0.1261269202034206
0.061220911460055885
0.16286497474902334
0.3350059700960567
0.06381222453417514
0.26280030441382674
0.1858413301717356
0.17501142819827512
0.0892748564826627
0.024839484696748463
0.06594694837519004
0.2126240814207084
0.29240554030318944
0.2880624932197873
0.3632698721336522
0.1844586674569674
0.34089587853184744
0.0228473193175917
0.16726027621644052
0.15014659503298777
0.21343383049554257
0.11151681487560546
0.03701351104664341
0.008246211251235275
0.002000000000000224
0.09489467845985901
0.16860011862392052
0.4928366869460917
0.2578410362994999
0.24340295807569795
0.12043255373859667
0.07864477096412707
0.08348652585896715
0.1117720895393836
0.03780211634287146
0.2805084668953863
0.0626817357768593
0.17059015211904813
0.03492849839314591
0.31538230768386494
0.22831995094603538
0.14058449416631988
0.12374570699624297
0.10538026380684389
0.08967719888578142
0.28993275082335895
0.23753947040439405
0.12304470732217611
0.46832680896997547
0.11317243480636077
0.3715386924668816
0.345441746174373
0.15160474926597772
0.090906545418908
0.19059118552545906
0.36417715469260276
0.04404543109109052
0.29068883707497245
0.2127087210247854
0.20229928324143898
0.1192057045614848
0.014317821063276458
0.041484937025383105
0.2403601464469515
0.3200952983097378
0.3154932645873758
0.3916439709736382
0.2113030998352841
0.36783963897328953
0.05630275304103693
0.13724430771438215
0.17974426277353053
0.22631394124092327
0.13885243966167835
0.06742403132415012
0.025298221281347056
0.03417601498127015
0.12137956994486344
0.19675873551128556
0.45974340669551755
0.2853944638566066
0.2713982313870153
0.09585405573057414
0.11011357772772613
0.11172287142747434
0.08015609770940701
0.02193171219946133
0.30782624969290706
0.09128526715741143
0.09013878188659971
0.11552056094046637
0.37283910739084236
0.4719629222725023
0.13567977004697496
0.13940229553346684
0.14504137340772816
0.058008620049092775
0.030805843601498625
0.04720169488482365
0.06529931086925791
0.2341815535006973
0.11947384651043921
0.36878720151328465
0.04825971404805466
0.33372593546201945
0.05824946351684285
0.49742537128699016
0.18246369501903661
0.02531797780234435
0.08154140052758484
0.020248456731316512
0.19379370474811605
0.20637102509800156
0.12025389806571747
0.04386342439892266
0.03264965543462895
0.054561891462814906
0.16681726529349425
0.20840345486579626
0.06999999999999999
0.14980654191322904
0.1454269576110288
0.22107012462112555
0.04254409477236543
0.19830532015051944
0.12366486970841818
0.3078262496929071
0.017464249196572995
0.292035956690268
0.03182766092567897
0.10568348972285141
0.1490134222142421
0.14101418368376983
0.04957822102496213
0.026172504656604905
0.11520850663036991
0.10089598604503536
0.26306843216167153
0.0683520299625403
0.05920304046246288
0.2503197954617253
0.18042172818150254
0.13787675656179324
0.08000000000000007
0.2572003110418026
0.2969713790923293
0.3010946694978175
0.41130037685370524
0.08286132994346633
0.4988115876761487
0.19588772294352688
0.1873018953454555
0.28327018904219364
0.19740820651634539
0.11045361017187286
0.09220086767487626
0.07433034373659275
0.12103718436910203
0.25882233288493484
0.2690074348414928
0.09121403400793109
0.44916144090961335
0.08121576201698785
0.4030446625375407
0.3179716968536666
0.12258874336577572
0.058137767414994546
0.15961516218705543
0.3320316249997883
0.06723094525588631
0.25961509971494334
0.182496575310333
0.17171196813268436
0.08631338250816047
0.02758622844826747
0.06902897942168912
0.20940152817016414
0.2892006224059695
0.2848227519001949
0.3601735692690401
0.18111046352985816
0.3376062795624514
0.021587033144922895
0.16991762710207547
0.14718695594379289
0.2166887168266959
0.10816653826391993
0.03397057550292597
0.009999999999999877
0.0019999999999997797
0.09141662868428276
0.16541463055002137
0.494619045326805
0.254609504928626
0.240226976003945
0.1237093367535368
0.0760591874792257
0.08021221852062185
0.11403946685248921
0.041048751503547434
0.2772525924134886
0.0594053869611166
0.08881441324469815
0.17564168070250297
0.19163767896736802
0.21001190442448736
0.37669085468059876
0.03157530680769396
0.19237983262286115
0.2667208278331482
0.2023116407921207
0.08820430828479968
0.16664333169977144
0.2251443981093025
0.12549501982150543
0.048795491595023215
0.34941379480495627
0.03140063693621525
0.10594810050208552
0.11480853626799722
0.19698730923589985
0.3108456208473913
0.35220590568586446
0.07710382610480508
0.025000000000000022
0.028319604517012393
0.46438884568861033
0.07803204469959739
0.10733592129385204
0.066121101019266
0.2658194876227102
0.4526035793053344
0.13612494260788519
0.3932429274634196
0.17686718180600944
0.24930302846134894
0.293083605819227
0.2847630594020229
0.19460986614249554
0.11892854997854807
0.03847076812334276
0.04695742752749578
0.4062634613154376
0.20849220608934063
0.20366639388961574
0.3952885022360252
0.32398919735077597
0.030413812651491023
0.22424317157942647
0.0877838253894189
0.10520931517693663
0.12322743201089598
0.2879027613622348
0.06161980201201547
0.4167073313489936
0.10625441167311607
0.2914309523712262
0.11624973118248502
0.1282653499585916
0.07798717843338102
0.13952060779684142
0.03780211634287174
0.13713132391981045
0.2643671689147501
0.06236986451805051
0.01746424919657294
0.026172504656604898
0.11216059914247967
0.2248043593883359
0.2664000750750645
0.012041594578792223
0.09183136719008389
0.08741853350405718
0.16341664541900244
0.018788294228055853
0.14035668847618193
0.1814717608885749
0.36548324174987834
0.053758720222862565
0.33609522460160035
0.0894986033410577
0.16368261972488127
0.20700241544484452
0.19902261178067177
0.10696261028976436
0.03224903099319417
0.05720139858430024
0.04313930922024578
0.32107631491594024
0.12523977004130932
0.11720068259186911
0.3077742679302479
0.2384302833114955
0.07988116173416597
0.1380036231408438
0.2814604767991414
0.3844008324652797
0.020223748416156703
0.036235341863986914
0.20359273071502332
0.14940214188558323
0.33969545183884936
0.02209072203437476
0.35101282027868985
0.03104834939252029
0.4693239819144127
0.20825465180878897
0.01399999999999979
0.05385164807134529
0.05020956084253258
0.22434125790857087
0.1776738585161026
0.1501465950329874
0.07220110802473867
0.061717096496837695
0.031016124838541784
0.13756816492197632
0.1791786817676702
0.09982484660644347
0.17951323071016242
0.17491712323268957
0.2511911622649171
0.07080254232723565
0.22740712389896658
0.09638464608017229
0.27770487932335663
0.04427188724235728
0.27915945264310893
0.004472135954999584
0.07736924453553916
0.11981652640600135
0.11216059914247968
0.01920937271229865
0.05672741841473131
0.14481022063376583
0.1309083648969764
0.23409399821439264
0.046010868281309625
0.031016124838541985
0.2200022727155337
0.151476070717457
0.1672632655426766
0.0514295634824954
0.01843908891458579
0.19210674116230278
0.1666433316997711
0.33190360046254397
0.0022360679774999902
0.3710485143481912
0.011180339887499157
0.4630205179039046
0.2278530228019807
0.034132096331751835
0.03448187929913356
0.06742403132415008
0.24043294283437933
0.15920113064925145
0.1674305826305335
0.09055385138137406
0.07961155694998036
0.01170469991071974
0.1196327714299057
0.16120794025109317
0.11720068259186875
0.19700253805471646
0.19262658175859296
0.2681268356580518
0.08918520056601317
0.24546486510293067
0.07692203845452909
0.2609693468589751
0.056400354608814214
0.26057820323273423
0.016763054614240228
0.05852349955359846
0.10182828683622254
0.09381364506296518
0.010295630140986955
0.07324616030891992
0.16240997506310978
0.1480540441865737
0.21587264764207637
0.026305892875932053
0.012041594578792555
0.2037253052519496
0.1332216198670472
0.1850675552332173
0.03280243893371366
0.1745537166605168
0.18476471524617447
0.3157530680769389
0.01802775637731984
0.3835218377094059
0.009219544457292847
0.4475175974193641
0.24439517180173576
0.04904079934095675
0.018248287590894894
0.08542833253669399
0.2588049458569135
0.14150971698084916
0.18553975315279447
0.10816653826391959
0.09741663102366024
0.018027756377319955
0.10160708636704455
0.1432201103197453
0.13524792050157358
0.2150581316760657
0.2106015194627045
0.2863564212655269
0.1067801479676817
0.2633040068058212
0.060406953242156176
0.24262110378118398
0.07481310045707229
0.2533317982409633
0.03383784863137729
0.041146081222882304
0.0838152730712011
0.0760065786626395
0.01772004514666926
0.09143850392476903
0.1804134141354238
0.16619265928433757
0.19803282556182458
0.022803508501982917
0.006708203932499226
0.18531055015837614
0.11537764081484772
0.20300246303924477
0.015231546211728033
0.08052328855678945
0.3911035668464301
0.49912323127660563
0.4922763451558482
0.23084193726444066
0.34800143677864304
0.14808443537387717
0.19223423212320942
0.48355764909677496
0.18365728953678903
0.2821435804692356
0.38934303640876883
0.210622885746065
0.1658010856418014
0.2522875343729847
0.42466104130235427
0.10292715870944856
0.34860005737234157
0.2707563480326915
0.26210112552219217
0.19171854370404542
0.10340696301506977
0.0931933474020545
0.29959472625531963
0.37653817867515105
0.37122769293251795
0.4488440709199575
0.26936406590337914
0.4207089255055089
0.1422251735804882
0.111112555546167
0.24730952266340245
0.30131710870775347
0.20349447166937976
0.14669696656713788
0.11303981599418851
0.12100413216084813
0.18604569331215376
0.2593067681338071
0.38858975797105116
0.34241495294452295
0.33026201719241016
0.11136426715962368
0.18708554193202628
0.18124017214734692
0.06894200461257287
0.10278618584226192
0.36341849154934297
0.16412495239907904
0.1978408451255705
0.4338409846937007
0.3246721423220662
0.4727980541415118
0.16760966559241147
0.2588609665438186
0.1776091213873882
0.08178630692236942
0.1393161871427724
0.20080089641234178
0.09935793878699378
0.0768505042273634
0.3256270873253636
0.0009999999999998899
0.07783315488916011
0.08772684879784524
0.1731040149736567
0.28627609051403513
0.32784447532328487
0.049578221024962114
0.030528675044947714
0.02692582403567244
0.4945341242017582
0.10183319694480775
0.07924645102463564
0.08005623023850181
0.24242318370980953
0.42710303206603434
0.11301769772916094
0.38342274319607084
0.15109268678529725
0.22500000000000014
0.2684715999877826
0.26040929322894746
0.16858232410309207
0.09340770846134686
0.007000000000000006
0.01860107523773838
0.3824042363782074
0.18560711193270585
0.1786644900364928
0.3693805625638685
0.29980326882807656
0.02039607805437116
0.1994442277931352
0.28110140519036914
0.4819647289999548
0.45533723766017653
0.43237483738071547
0.4311403483785761
0.3951417467188199
0.42564304293621424
0.3995860357920431
0.37871493236998194
0.4698020859894089
0.0818413098624405
0.394380526902635
0.18747266467407991
0.3324530041975858
0.32496922931256117
0.13405968819895114
0.4981857083457934
0.3437513636336589
0.3098596456462183
0.38457509019696007
0.2425386567126981
0.47322827472584506
0.3992492955535426
0.392441078379927
0.33362403990120376
0.2509661331733826
0.2328347053168836
0.4275418108208833
0.4986882793890388
0.4929026273007681
0.3979472326829275
0.29001551682625537
0.1841331040307528
0.38392316939721155
0.4327551270637935
0.34056570584837226
0.2929044212708302
0.26112257658042515
0.2690297381331663
0.32427457501321316
0.3918430808372148
0.49430860805775967
0.28302826713952106
0.4664857982832917
0.456508488420533
0.22453730202351685
0.33120990323358385
0.3222188697143604
0.18867962264113208
0.24862019226120796
0.4852731189752838
0.30746056657724413
0.22743130831088312
0.4976283753967413
0.06637017402418048
0.36477390257528003
0.3523889896123316
0.3434195684581761
0.3730335105590381
0.010000000000000009
0.46372082118447083
0.22933381782894566
0.036055512754639925
0.033286633954186504
0.06850547423381577
0.24117421089328764
0.1581138830084189
0.16840427548016698
0.09178779875342918
0.08077747210701754
0.00948683298050504
0.11869709347747322
0.16024044433288362
0.11822436297142823
0.19800252523642237
0.19366982212001943
0.2690074348414928
0.09042676594902657
0.2465643932119965
0.07559100475585717
0.2602306669091865
0.05685068161420763
0.2583834360016138
0.018439088914586007
0.05742821606144506
0.1008959860450354
0.09280086206496131
0.012206555615733777
0.07420242583635675
0.1634441800738099
0.14901342221424205
0.21483016547961784
0.024186773244895668
0.011401754250991459
0.2030886505937739
0.13220060514233653
0.1861316738225926
0.031890437438203974
0.2167809954770021
0.2553448648396909
0.054671747731346566
0.3811587595740127
0.1788854381999831
0.33701335285118894
0.4016590594023743
0.3177184288013524
0.2566028059082754
0.25793410011086176
0.2957177708559294
0.3062433672751135
0.3820052355662157
0.47183153773354325
0.2842973795165899
0.2420020661068824
0.2401541171831123
0.23688182707839794
0.29657545414278624
0.21365392577717823
0.4418144406874906
0.3392491709643518
0.35500140844791
0.42171554393927685
0.4562477397204285
0.4511429928525986
0.36630724808553805
0.3165375175235945
0.4808159731123749
0.2563201123595259
0.26911150105486026
0.4778210962274479
0.39700503775141194
0.38025780728342723
0.48630957218627713
0.2420764342103543
0.39785047442475174
0.4566979308032827
0.23900209204105313
0.044721359549995836
0.023323807579381222
0.0784920378127616
0.2511035642917081
0.14812157169028412
0.1784040358287894
0.10171037311896963
0.09073588044428729
0.009055385138137412
0.1087060255919607
0.15024313628249367
0.1282224629306426
0.20800240383226365
0.2036663938896154
0.27899283144912523
0.10034440691936965
0.25655019002136803
0.06574191965557453
0.2503197954617252
0.06660330322138691
0.2524004754353685
0.02785677655436847
0.04743416490252582
0.09090654541890797
0.08280096617793767
0.015524174696260145
0.0842021377400837
0.17344163283364233
0.1590125781188393
0.20483163818121453
0.018357559750685835
0.003162277660168347
0.19325889371514052
0.12220065466273074
0.1961249601657066
0.02193171219946133
0.47214934078107107
0.44263416045307663
0.37450901190759084
0.46550295380373263
0.3848792018283139
0.36496575181789326
0.4240011792436432
0.3018758022763667
0.4705581791872287
0.4264234984144284
0.3951822364428847
0.4030793966453756
0.45489559241654565
0.467274009549001
0.23131147831441504
0.3500757060979811
0.414030192135791
0.46390516272186494
0.45385129723291523
0.31825147289525624
0.382099463490856
0.44000909081517847
0.1954942454396037
0.26208777155754526
0.16292636373527777
0.09080198235721522
0.38506363110530184
0.08080841540334786
0.1388848443855556
0.15028306624500323
0.23666009380544067
0.3444198019858906
0.38571621692638225
0.1180889495253472
0.06328506932918682
0.06126989472816172
0.08827797007181358
0.14013208055259854
0.05261178575186367
0.3046309242345565
0.48009374084651424
0.18168654325513492
0.462276973253049
0.21115397225721314
0.2855240795449661
0.3269281266578328
0.31976553910638955
0.2268501708176566
0.1591100248255903
0.08062257748298557
0.0951892851112983
0.4407833935165888
0.4862848959200769
0.25078476827750135
0.23924046480476518
0.4218494992292867
0.35868788660895695
0.06356886030125133
0.259624729176556
0.27765085989422045
0.44525273721786374
0.3797288506289717
0.06705221845696091
0.04167733196834939
0.2151023012429202
0.18978935691971766
0.140014284985497
0.06152235366108815
0.051855568649856666
0.04501110973970753
0.14937536610833807
0.19090573590125565
0.08993886812718958
0.16907099100673673
0.16426807358704845
0.24112444919584572
0.060108235708595005
0.21630071659613154
0.1094440496326778
0.2883400769924292
0.04200000000000004
0.292769533934117
0.01811077027627463
0.09007774419910854
0.1317269904006008
0.12435433245367838
0.03138470965295036
0.04876474136094653
0.13438005804433928
0.12101652779682605
0.24593495074917673
0.06000833275471005
0.04438468204234444
0.23038446128157164
0.1634778272427181
0.15654072952429982
0.06425729530566944
0.10178899744078433
0.2739142201493015
0.12485191228010876
0.20160357139693724
0.12503199590504835
0.11405700329221351
0.02831960451701269
0.08570297544426335
0.12714165328483018
0.15147607071745695
0.23122499864850277
0.22692730113408563
0.30205463082032036
0.12366486970841821
0.2798463864337005
0.04254409477236541
0.22772790781983654
0.08910667763978194
0.23750789460563207
0.0509901951359281
0.024207436873820518
0.06794115100585198
0.059665735560705035
0.035902646142032625
0.10741508273980913
0.19669773765857096
0.18220043907740718
0.18160396471443008
0.02137755832643197
0.022847319317591645
0.1710584695360039
0.0990201999594021
0.21940145851839732
0.0050000000000000044
0.4696647740676322
0.334619186538967
0.1741551032843999
0.22661200321253938
0.10012492197250386
0.024041630560342742
0.012649110640673528
0.07470609078247892
0.18700267377767626
0.228600087489047
0.04981967482832466
0.12963024338479065
0.12520782723136756
0.20106217943710847
0.022803508501982993
0.17805897899291692
0.1438923208513923
0.32779414271765134
0.021840329667841468
0.30756625302526286
0.05173973328110591
0.12592458060283557
0.16920106382644273
0.16123585209251678
0.06931089380465373
0.007280109889280586
0.09500000000000001
0.0808084154033476
0.28329666429381045
0.0882383136738231
0.07940403012442135
0.2701740179958094
0.20064396327824058
0.11764352935882198
0.10020977996183805
0.11734564329364766
0.4719597440460363
0.07402702209328682
0.44928832613367564
0.16196604582442564
0.4163099806634475
0.2259424705538999
0.39807662578955816
0.07632168761236881
0.15401298646542758
0.16324827717314508
0.24573359558676536
0.35961090083588965
0.400943886348202
0.12525174649480939
0.051244511901275776
0.0572800139664788
0.4365890516263548
0.03255764119219944
0.15541557193537575
0.0431393092202461
0.31445985435346124
0.1848594060360467
0.43420386916746845
0.22562136423663412
0.2980620740718283
0.3418552325180937
0.33351611655210894
0.24334748817277724
0.16765738874263772
0.08285529554590945
0.09440338976964766
0.4549208722404369
0.45594078562901136
0.2570992026436488
0.2524618783103699
0.44407206622349027
0.3727143678475515
0.06451356446515727
0.273034796317246
0.291386341478114
0.4907076522737342
0.3423828266721329
0.47774574828040084
0.30380421326900653
0.4415087768097029
0.32643529220965045
0.24964975465639858
0.23879907872519096
0.15261061562027722
0.04085339643163082
0.009848857801796063
0.27632770400377876
0.35606881357400577
0.35177833929905333
0.42669075452838195
0.2482680003544558
0.40466529379228955
0.08363013810822012
0.10770329614269007
0.21333541665649422
0.19860010070490913
0.17532826355154507
0.10068763578513479
0.05813776741499459
0.06551335741663686
0.15864740779476988
0.232262782210151
0.4397271881519268
0.32154937412472123
0.30702605752606715
0.056850681614207595
0.14101418368376983
0.14727525250360274
0.05953990258641678
0.026400757564888196
0.34424555189573613
0.1264792473095882
0.0490407993409569
0.40930795252474633
0.2709852394504173
0.10100000000000003
0.07851751396981424
0.08845903006477057
0.1739252713092607
0.28706271091871194
0.32863505595112624
0.05032891812864635
0.029681644159311966
0.026000000000000023
0.4946362299710768
0.10111874208078352
0.07993122043357002
0.07915806970865337
0.2432488437793693
0.42785044115905724
0.11387712676389393
0.38441904219224104
0.15185519418182544
0.22580079716422619
0.26925824035672496
0.2612049004134491
0.16933103672983268
0.09420191080864525
0.007071067811865466
0.019416487838947616
0.38320751558391947
0.18645374761586309
0.17944915714485818
0.37011484704075287
0.30060106453570634
0.019416487838947723
0.200232365016248
0.4670685174575568
0.4167517246515004
0.48448735793620057
0.44646164448919906
0.45827939076506585
0.011401754250991497
0.0984123975929862
0.20972362766269342
0.2513404066201851
0.028844410203711847
0.10756393447619896
0.10282509421342617
0.17961069010501565
0.0014142135623730178
0.15520631430454107
0.16735889578985658
0.34969272225769876
0.04401136216933081
0.32987421845303416
0.0743303437365924
0.14904026301640796
0.19195051445620037
0.18416568627190022
0.0914002188181188
0.020999999999999908
0.07286288492778739
0.05966573556070502
0.3061976485866605
0.11216059914247972
0.10239628899525627
0.2918218634715364
0.22354417907876734
0.09513148795220217
0.12317467272130268
0.4728678462319044
0.455579850300691
0.08720665112249168
0.19902261178067185
0.24063665556186561
0.038183766184073605
0.11779643458101798
0.11322985472038719
0.1895521036549054
0.010198039027185796
0.16589454481688068
0.15628499608087795
0.3394127281054733
0.033060550509633
0.3191441680494883
0.06360031446463117
0.1381339929199183
0.18123189564753758
0.17335801106380966
0.08091971329657555
0.010440306508910346
0.08309632964216893
0.06929646455628156
0.29542003994312904
0.10084641788382966
0.09152595260361956
0.28165581833152314
0.21275807857752418
0.10560303025955271
0.11232987136109435
0.0685930025585697
0.18943336559328738
0.4349540205584956
0.1138990781349877
0.15521919984331833
0.12402015965156628
0.20359027481684888
0.19942417105255805
0.27408940147331484
0.09708243919473808
0.25249158401816085
0.06933974329343909
0.25603515383634334
0.06087692502089767
0.24890962215229867
0.027018512172212728
0.05234500931320981
0.0961769203083567
0.08778382538941894
0.020615528128088322
0.07992496481075241
0.16919810873647484
0.15450889942006557
0.20944211610848476
0.015000000000000124
0.012165525060596413
0.19936148073286375
0.12701574705523722
0.19197135202941082
0.028301943396169895
0.041617304093369445
0.23681216184985107
0.31662280397975157
0.312200256245891
0.38769575700541276
0.20833146665830415
0.3649013565335159
0.04716990566028301
0.142425419079601
0.1747712791050064
0.2130375553746334
0.13542894816101939
0.06155485358604951
0.017804493814765045
0.026172504656604978
0.11843141475132364
0.1928756075816745
0.46875686661637284
0.28200177304407154
0.267686383665662
0.0965660395791397
0.10347946656221228
0.1076150547089021
0.08713208364316777
0.014560219778560837
0.30460794474208985
0.08683317338436969
0.2784025861948843
0.35820943594495114
0.35380361784470193
0.42919459456055586
0.2499479945908749
0.40651814227657784
0.08704596486914236
0.10241581909060733
0.21608563117431012
0.20821383239352767
0.17704519197086385
0.10294173109094265
0.0594053869611166
0.06747592163134938
0.16003124694883808
0.2344376249666423
0.43292609068985444
0.32360006180469114
0.3092507073556985
0.055072679252057506
0.1442497833620556
0.14920120642943857
0.05141984052872981
0.028284271247461888
0.3462166951491507
0.12840560735419607
0.07981227975693982
0.0754519714785504
0.15138031576133004
0.03023243291566182
0.1284717867860489
0.19335201059208065
0.37752483362025335
0.06500000000000002
0.3450000000000002
0.10153324578678635
0.1756502206090276
0.2190091322296857
0.21100947846009183
0.11900420160649786
0.04410215414239978
0.045221676218380004
0.031112698372207963
0.33305404966761776
0.13695254652616
0.1292013931813432
0.31981244503614925
0.25041565446273517
0.067955868032128
0.15000000000000008
0.2886173937932362
0.0060827625302982795
0.48202904476805125
0.07234638899074354
0.10897706180660224
0.04976946855251706
0.27291940202191595
0.4571925196238453
0.14354441821262173
0.41093186783212654
0.1813201588351389
0.25541534801182203
0.2988193434167207
0.2908006189814596
0.19871587757398762
0.12381033882515632
0.03471310991541976
0.04909175083453463
0.41282562904936043
0.49955580268874855
0.21613421755936774
0.2090095691589266
0.39937200703103876
0.3302029678849057
0.013416407864998849
0.22980426453832423
0.48780016400161236
0.07762087348130019
0.10423531071570685
0.053235326616824806
0.2687638368531005
0.45251740298026094
0.13967104209534617
0.40926519519744164
0.17681628884240247
0.2510975905897945
0.294401086954515
0.2864402206394903
0.19412624758130967
0.11954078801814862
0.030232432915661883
0.04517742799230611
0.4084947980084935
0.2121438191416379
0.20461182761512106
0.3946352746524313
0.32584812413147307
0.00781024967590659
0.2254173906334646
0.34261494421580624
0.33688573730569243
0.46965945109195867
0.4386000455996327
0.4730042283109105
0.25357050301641954
0.46244999729700503
0.4929949289800048
0.4504575451693533
0.31200320511174234
0.25312645061312733
0.42796845678157175
0.1810248601711929
0.03601388621073824
0.34320984834354634
0.21340337391897057
0.4667343998464224
0.2527943828489864
0.32625909948996074
0.3698986347636335
0.3617195045888456
0.2703516228913745
0.19491793144808392
0.10683164325236227
0.12028299963003926
0.48352973021314827
0.427768629050799
0.28600699292150183
0.2801660222082615
0.47118998291559633
0.4010585992096416
0.08542833253669417
0.300892007205243
0.15660459763365817
0.16600301202086698
0.3482829309627448
0.04300000000000015
0.3289513641862581
0.07294518489934751
0.14766516176810324
0.19055970193091723
0.18278129007094795
0.09000000000000008
0.020024984394500803
0.07427651041883951
0.06107372593840964
0.3048097767460881
0.1108602724153249
0.10101980003939849
0.29041005492234606
0.22215760171553894
0.09654014708917721
0.12179490958164076
0.1720029069521792
0.06095900261651287
0.2702091782304962
0.3218198253681711
0.19289893727027116
0.4590642656535141
0.22947330999486615
0.3039802625171577
0.3471166950753017
0.33924917096435175
0.24660291969074494
0.17256882684888358
0.0833546639366989
0.09841239759298641
0.4613133425341175
0.4532559983055933
0.26532432983049264
0.2574101785089317
0.4465926555598513
0.3786515548627788
0.0605392434706613
0.27821754078418576
0.20063897926375132
0.18912958520548803
0.12980754985747187
0.2096187014557622
0.09352005132590586
0.02009975124224179
0.031016124838541555
0.02213594362117857
0.0781088983407143
0.1492514656544454
0.23853720883753138
0.2238325266801052
0.1404635183953469
0.057384666941614385
0.0653911308970873
0.13430189872075515
0.05879625838435623
0.26130633363927497
0.045221676218380184
0.3167964646267379
0.25878562556679996
0.2760652096878563
0.20376947759662126
0.15996249560443854
0.1685823241030922
0.25852079220055013
0.33399700597460463
0.33394610343586884
0.4224807687930895
0.40858903558465676
0.05727128425310541
0.24590445298936733
0.24893774322107112
0.05824946351684281
0.13041855696180665
0.4448201883907698
0.22839658491317238
0.42776862905079893
0.3100096772683072
0.22842942017174572
0.45130255926595403
0.48843116198702985
0.33284530941565027
0.2860943900183995
0.04386342439892257
0.11321660655575241
0.15703502793962876
0.14866068747318498
0.06129437168288782
0.023021728866442808
0.10959014554237981
0.09451454914456275
0.2701851217221259
0.07267048919609671
0.06824954212300635
0.2598557292037257
0.18786431273661316
0.13241223508422473
0.08845903006477074
0.2747981077081867
0.2262918469587448
0.2166333307688364
0.21505813167606586
0.26791229908311437
0.3089336498343943
0.3828837943815331
0.3676588092239869
0.2089258241577618
0.23448027635602964
0.2542597097457637
0.24463237725207193
0.20579844508644873
0.4036991454040993
0.24233241632105276
0.07479304780526097
0.11764352935882201
0.10983624174196792
0.01780449381476494
0.05798275605729687
0.14664924138910485
0.13254810447531842
0.23187065359807837
0.042011903075200266
0.02817800560721106
0.21850629281556183
0.14921461054467833
0.1692010638264427
0.04887739763939998
0.04384062043356571
0.035468295701936145
0.05869412236331701
0.13160547101089712
0.22087100307645652
0.2064000968992021
0.15741029191256822
0.042720018726587754
0.046647615158762444
0.14743473132203264
0.07481310045707212
0.24355902775302762
0.025942243542145815
0.008944271909999168
0.10070253224224301
0.175071414000116
0.48478036263858715
0.2642006813011653
0.24988197213884775
0.11428035701729329
0.08605230967266353
0.0898109124772706
0.10404326023342411
0.03176476034853721
0.2868117849740487
0.06902897942168912
0.4475712233823797
0.42385138905045483
0.23894769302087843
0.27057346507002494
0.2598499567057883
0.47406539633261574
0.47767143519369026
0.30180788591420205
0.09315041599477693
0.16700299398513793
0.493724619600846
0.256222559506379
0.2418119103766394
0.12206555615733711
0.07733692520394111
0.08184130986244027
0.11289375536317327
0.039408120990476095
0.2788781095747745
0.06103277807866835
0.0756901578806651
0.16401524319403965
0.15007331541616567
0.21498139454380702
0.03361547262794336
0.014035668847618433
0.2008631374842084
0.1324009063413087
0.18647251808242407
0.03289376840679719
0.45445791884397835
0.43371995573180655
0.15559562975867908
0.08930845424706425
0.0748131004570721
0.2890155705148082
0.09302150289046095
0.08527602242131162
0.2764868893817572
0.20640009689920213
0.11205802068571427
0.10604244433244661
0.20946837470128996
0.4641045140913844
0.39087593939765597
0.412393016429716
0.38227869414865384
0.4592439438903904
0.015524174696260145
0.3782723886302038
0.18196977771047587
0.17440183485273322
0.36466011572421786
0.2956298361126629
0.022825424421026676
0.1952050204272421
0.37571931012392745
0.36380351839969866
0.16705687654209259
0.1600781059358212
0.35090739519138076
0.2812045518834997
0.038078865529319675
0.18085353189805273
0.1978408451255705
0.20390684147423777
0.04272001872658769
0.08266196223173031
0.4009401451588503
0.18309833423600547
0.02080865204668474
0.18999999999999995
0.1159655121145937
0.20478769494283589
0.02400000000000002
0.191731583209444
0.12124768039018294
0.1970406049523804
0.02080865204668474
0.07696752561957544
0.3869185960896684
0.17140595088852653
0.3182860348805771
0.10043903623591763
0.21784857125994656
